parameter,year,mu,mu_star,sigma,mu_star_conf
cy0,1,0.054324685270425374,1.5619778834289977,3.105446600115302,0.7699303463853524
clay,1,-0.07284210078752125,0.08438251031774371,0.24727998802827764,0.0703345122328497
temp_ci_delta,1,-0.11570716761208644,0.1650686250008299,0.5317600257916146,0.14309623008570657
rain_ci_delta,1,-0.046688918454625396,2.620054850127636,5.415540567731187,1.4842679195814632
evap_ci_delta,1,0.10441586603071187,0.5374134933385214,1.5548804392530482,0.4210202470824913
ef_burn_crop_N2O_scale,1,-0.00024922641624165466,0.0014020530064076553,0.0018444832649707644,0.00037143291671998886
ef_burn_crop_CH4_scale,1,-0.0015075344076990404,0.004823479065051118,0.0065019112004126986,0.0014668917888629137
ef_burn_tree_N2O_scale,1,0.0006301347932417655,0.0006301347932417655,0.000452723402293342,0.00012180565484483574
ef_burn_tree_CH4_scale,1,0.002280131779894745,0.002280131779894745,0.0015874279873341645,0.0005076551026970115
ef_N_inputs,1,-0.11243416633856036,0.11243416633856036,0.014814660061966772,0.004647920991973685
combustion_factor_crop,1,-0.001251212681995284,0.007176639844425026,0.010253720701603315,0.0023120656143951687
combustion_factor_tree,1,0.003292818548670695,0.003292818548670695,0.001993104434264634,0.0006493433778113563
volatile_frac_organic_fertiliser,1,-0.002875425650968921,0.002875425650968921,0.0003055624420959074,8.220332913298264e-05
volatile_frac_synthetic_fertiliser,1,0.01629739688896521,0.01629739688896521,0.0016405654386442887,0.0005054828205258875
base_sf_qty_scale,1,-0.1298137469652673,0.1298137469652673,0.011684697112340235,0.0038287183019462987
proj_lit_qty_scale,1,-0.1895854629042663,0.1895854629042663,0.02602461349026637,0.007249762385442939
base_stand_density_scale,1,0.0,0.0,0.0,0.0
proj_stand_density_scale,1,-38.212632358676466,38.212632358676466,3.3346566682222387,1.2044831124599749
tree_wood_dens_sp1,1,-38.77566433376929,38.77566433376929,3.7483761980447867,1.1103892732014706
base_cover,1,1.2125616929435723,1.2125616929435723,2.0729080459699363,0.6615704112810282
base_fire_off,1,-0.024885313060659088,0.024885313060659088,0.08969221031413704,0.02347518591733401
base_fire_on,1,-0.03493285974000635,0.03493285974000635,0.00595614489564318,0.0018859905989432409
base_mortality,1,0.0,0.0,0.0,0.0
base_sf_n_delta,1,-0.13290163271820105,0.13290163271820105,0.013646164833612908,0.004551771405149998
base_thinning_delta,1,0.0,0.0,0.0,0.0
crop_base_left_delta,1,0.6630564304006576,0.6630564304006576,0.17363548492468192,0.05581860319033074
crop_base_yield_delta,1,0.7787913635971965,0.7787913635971965,0.30609970534273884,0.09972353688369245
crop_carbon_above_sp3,1,0.011604845233666339,0.027288084799321412,0.040017201649173044,0.010444850013989723
crop_carbon_below_sp3,1,0.05448994513740146,0.061587169072949165,0.126853806513891,0.03789017140830297
crop_intercept_sp3,1,0.0002765836990231918,0.01193717493760893,0.016364016728999668,0.0032329727522935696
crop_nitrogen_above_sp3,1,-0.0013829849470159417,0.0020823640549910037,0.0022678518451524528,0.0005020846647996035
crop_nitrogen_below_sp3,1,-0.00318516913226361,0.00318516913226361,0.0007438279445850031,0.0002388061158115954
crop_carbon_above_sp10,1,-0.0026287635392773013,0.06262737652243863,0.11660407249203465,0.03233899181819001
crop_carbon_below_sp10,1,0.0074814539699385564,0.02780222949428186,0.04754116506370326,0.012178951462881145
crop_intercept_sp10,1,-0.00356768332257964,0.00924318347159705,0.010920448570608487,0.0017822148879941403
crop_nitrogen_above_sp10,1,-0.00022899482430922548,0.0015789172150324049,0.0018849667345634618,0.00033062009388266163
crop_nitrogen_below_sp10,1,-8.441088795514417e-05,0.0008590760851031831,0.0011558114040112542,0.0002637245058250247
crop_proj_left_delta,1,-0.6332298700935357,0.6332298700935357,0.10822952657072532,0.030208122909315637
crop_proj_yield_delta,1,-0.7502700868154758,0.7502700868154758,0.15148494079679026,0.04449540899084418
crop_root_in_top_30,1,0.039398493037250404,0.050474817962332,0.06874256420398488,0.017432531436891868
crop_root_to_shoot_sp3,1,0.045261122268336604,0.045952937631719946,0.04666904153273443,0.01273536023367061
crop_slope_sp3,1,0.015916909025481374,0.020141445754651245,0.03449630726451806,0.011881478911299986
crop_root_to_shoot_sp10,1,0.004372075591208358,0.019921910053798796,0.027415646526451565,0.006478456695872992
crop_slope_sp10,1,0.0018327429937009753,0.0660456648051209,0.1094114808356423,0.02366678551284004
cy0_to_ceq_multiplier,1,0.06857920240646002,0.1589048936582916,0.56755336986449,0.17363091573866463
litter_carbon,1,-0.20898693404924096,0.20898693404924096,0.018384431185084555,0.0057216578045446815
litter_nitrogen,1,0.02384058149276278,0.02384058149276278,0.002622228051291242,0.0007248192172947913
mortality_fraction_branch_delta,1,0.0,0.0,0.0,0.0
mortality_fraction_croot_delta,1,0.0,0.0,0.0,0.0
mortality_fraction_froot_delta,1,0.0,0.0,0.0,0.0
mortality_fraction_leaf_delta,1,0.0,0.0,0.0,0.0
mortality_fraction_stem_delta,1,0.0,0.0,0.0,0.0
pool_alloc_froot_sp1,1,-2.699853116710975,2.699853116710975,0.2943329341113959,0.0859413571212266
pool_alloc_leaf_sp1,1,-2.680496661875215,2.680496661875215,0.25171966132894935,0.0729525928739486
pool_alloc_stem_sp1,1,-4.941600272259083,4.941600272259083,0.6024926366083746,0.20072832576994543
pool_turnover_branch_sp1,1,0.0,0.0,0.0,0.0
pool_turnover_croot_sp1,1,0.0,0.0,0.0,0.0
pool_turnover_froot_sp1,1,0.0,0.0,0.0,0.0
pool_turnover_leaf_sp1,1,0.0,0.0,0.0,0.0
pool_turnover_stem_sp1,1,0.0,0.0,0.0,0.0
proj_cover,1,-2.614198183054436,2.614198183054436,3.9456493192158915,1.141928126617576
proj_fire_off,1,0.05973419738979189,0.05973419738979189,0.12463274165293116,0.03769705162639058
proj_fire_on,1,0.06644873313502941,0.06644873313502941,0.007857763630849363,0.0025470416054079385
proj_mortality,1,0.0,0.0,0.0,0.0
proj_thinning_delta,1,0.0,0.0,0.0,0.0
roth_c_cover_c,1,0.014732790282657504,0.09827198396107946,0.17518129961181905,0.0377076799421231
roth_c_dpm_frac_crop,1,-0.033784025550670546,0.06644062336467442,0.12188964689534086,0.03513953738593504
roth_c_dpm_frac_tree,1,0.01687291499579615,0.01687291499579615,0.003595706595083151,0.0010193683472836822
roth_c_moisture_b_slope,1,0.2752441710206764,0.4310112386863988,1.7577595716067793,0.48511947101728337
roth_c_temp_a1,1,0.01570947338530928,0.06490555518192878,0.07942151493335216,0.013028527358061634
roth_c_temp_a2,1,-0.024478490928987285,0.36791311378944835,0.7301392194304465,0.1877729294251306
thinning_fraction_branch_delta,1,0.0,0.0,0.0,0.0
thinning_fraction_croot_delta,1,0.0,0.0,0.0,0.0
thinning_fraction_froot_delta,1,0.0,0.0,0.0,0.0
thinning_fraction_leaf_delta,1,0.0,0.0,0.0,0.0
thinning_fraction_stem_delta,1,0.0,0.0,0.0,0.0
tree_carbon_sp1,1,-38.27817189409821,38.27817189409821,3.3349569586826466,0.9832780530951991
tree_nitrogen_branch_sp1,1,0.0,0.0,0.0,0.0
tree_nitrogen_croot_sp1,1,0.0,0.0,0.0,0.0
tree_nitrogen_froot_sp1,1,0.0,0.0,0.0,0.0
tree_nitrogen_leaf_sp1,1,0.0,0.0,0.0,0.0
tree_nitrogen_stem_sp1,1,0.0,0.0,0.0,0.0
tree_root_in_top_30,1,0.0,0.0,0.0,0.0
tree_root_to_shoot_sp1,1,-4.938693308621029,4.938693308621029,0.6746286989763096,0.20407510066449508
cy0,2,-0.031379219251374525,0.9807032050352026,1.9512049511991227,0.4842371293096328
clay,2,-0.054979545604322055,0.06119151864192514,0.1741213572740201,0.05033140969188265
temp_ci_delta,2,-0.013695858948439365,0.09306032652866332,0.19650652664539056,0.04709993603953864
rain_ci_delta,2,0.18218101288382388,1.917629962116448,3.8343315233363984,1.0402277206415744
evap_ci_delta,2,-0.006117652142926033,0.40678176617668527,1.1221840248698314,0.30240103006971414
ef_burn_crop_N2O_scale,2,-0.000249226416242454,0.001402053006413251,0.0018444832649703441,0.000371432916716301
ef_burn_crop_CH4_scale,2,-0.0015075344077003726,0.004823479065053782,0.006501911200413446,0.0014668917888619134
ef_burn_tree_N2O_scale,2,0.0006301347932348378,0.0006301347932348378,0.00045272340228725373,0.000121805654843056
ef_burn_tree_CH4_scale,2,0.0022801317798919474,0.0022801317798919474,0.0015874279873304834,0.0005076551026957399
ef_N_inputs,2,-0.11243416633856029,0.11243416633856029,0.014814660061964774,0.004647920991971874
combustion_factor_crop,2,-0.0012512126820003466,0.007176639844418098,0.010253720701594572,0.00231206561439348
combustion_factor_tree,2,0.0032928185486713613,0.0032928185486713613,0.0019931044342596464,0.0006493433778106782
volatile_frac_organic_fertiliser,2,-0.0028754256509730515,0.0028754256509730515,0.00030556244209732576,8.220332913370637e-05
volatile_frac_synthetic_fertiliser,2,0.016297396888964144,0.016297396888964144,0.0016405654386364796,0.0005054828205224586
base_sf_qty_scale,2,-0.12981374696526543,0.12981374696526543,0.011684697112335099,0.003828718301943991
proj_lit_qty_scale,2,-0.11028322147912784,0.11028322147912784,0.04090753362843182,0.011644522370330897
base_stand_density_scale,2,0.0,0.0,0.0,0.0
proj_stand_density_scale,2,6.594121990493457,6.594121990493457,1.8710284556552703,0.641266117675227
tree_wood_dens_sp1,2,6.870296829868984,6.870296829868984,1.637582194800496,0.5004108184349491
base_cover,2,0.8499955809420733,0.8499955809420733,1.491337361775581,0.4856813114973339
base_fire_off,2,-0.024885313060658554,0.024885313060658554,0.08969221031413538,0.023475185917333722
base_fire_on,2,-0.034932859740002487,0.034932859740002487,0.005956144895642724,0.0018859905989434484
base_mortality,2,0.0,0.0,0.0,0.0
base_sf_n_delta,2,-0.13290163271820013,0.13290163271820013,0.013646164833617587,0.004551771405151854
base_thinning_delta,2,0.0,0.0,0.0,0.0
crop_base_left_delta,2,0.417349047720858,0.417349047720858,0.10415388818456868,0.032037758139371715
crop_base_yield_delta,2,0.4362105364093183,0.4362105364093183,0.17805782459153513,0.057687104989812235
crop_carbon_above_sp3,2,0.007225502923332216,0.019006919331392026,0.028172071546851567,0.006913549399502967
crop_carbon_below_sp3,2,0.02718074711500127,0.035838606886002156,0.05414200226800492,0.015257128720778215
crop_intercept_sp3,2,-0.0003060877041310306,0.008706630065759845,0.01298097033079618,0.002828605594050151
crop_nitrogen_above_sp3,2,-0.001382984947019672,0.0020823640549872736,0.0022678518451444913,0.0005020846647995943
crop_nitrogen_below_sp3,2,-0.0031851691322610787,0.0031851691322610787,0.0007438279445792921,0.00023880611581116946
crop_carbon_above_sp10,2,-0.004962388074863644,0.03962962077766143,0.06705052969925895,0.018203040623976537
crop_carbon_below_sp10,2,0.002797411482122181,0.017811029676236646,0.028254357858581425,0.006977873445584789
crop_intercept_sp10,2,-0.002737592427305291,0.006287668279404102,0.008381968713248724,0.0016032789330211942
crop_nitrogen_above_sp10,2,-0.00022899482431615326,0.0015789172150300068,0.0018849667345634835,0.00033062009388493694
crop_nitrogen_below_sp10,2,-8.44108879538119e-05,0.0008590760851034495,0.0011558114040095336,0.0002637245058243103
crop_proj_left_delta,2,-0.40578599061601545,0.40578599061601545,0.09976343250494416,0.028219021261838135
crop_proj_yield_delta,2,-0.44057611629971144,0.44057611629971144,0.14649207988624732,0.0444937841798476
crop_root_in_top_30,2,0.023294381147719978,0.037242153489348874,0.0542746695431462,0.014987426685166259
crop_root_to_shoot_sp3,2,0.027085246015639174,0.02929223720454859,0.03055337730927459,0.007760950069807573
crop_slope_sp3,2,0.00871295077616092,0.011644253393521042,0.019358487532131166,0.006259459945467058
crop_root_to_shoot_sp10,2,0.004544529825555354,0.013785181766999433,0.019223280824524385,0.0045404769973664185
crop_slope_sp10,2,-0.0004130569412902574,0.03965937566805229,0.06293126767547355,0.013594251427959458
cy0_to_ceq_multiplier,2,0.02308840017790752,0.045333305949924615,0.14210860609430725,0.04246506397145711
litter_carbon,2,-0.1276121466752537,0.1276121466752537,0.02723977888143724,0.008466002317335216
litter_nitrogen,2,0.023840581492755718,0.023840581492755718,0.0026222280512921393,0.0007248192172946815
mortality_fraction_branch_delta,2,0.0,0.0,0.0,0.0
mortality_fraction_croot_delta,2,0.0,0.0,0.0,0.0
mortality_fraction_froot_delta,2,0.0,0.0,0.0,0.0
mortality_fraction_leaf_delta,2,0.0,0.0,0.0,0.0
mortality_fraction_stem_delta,2,0.0,0.0,0.0,0.0
pool_alloc_froot_sp1,2,2.1199974922866316,2.1199974922866316,0.2508292567315818,0.07361611803938099
pool_alloc_leaf_sp1,2,2.5450419190402007,2.5450419190402007,0.2547139066726007,0.07374634994322862
pool_alloc_stem_sp1,2,1.475383993834353,1.5985455945512324,1.3149549920660473,0.3311562948770632
pool_turnover_branch_sp1,2,0.4348779451977867,0.4348779451977867,0.07450899966363457,0.020506001885275408
pool_turnover_croot_sp1,2,5.155840806581615,5.155840806581615,0.7765314003002844,0.2514031181354079
pool_turnover_froot_sp1,2,2.2585306380447174,2.2585306380447174,0.2817066973199207,0.10408418439127443
pool_turnover_leaf_sp1,2,1.4873073634937233,1.4873073634937233,0.2043424633834346,0.06344925713717924
pool_turnover_stem_sp1,2,19.235181788042162,19.235181788042162,2.8606176935508856,0.9272604269777789
proj_cover,2,-1.8524357813512917,1.8524357813512917,2.738369005280694,0.7963948950801157
proj_fire_off,2,0.05973419738979202,0.05973419738979202,0.12463274165293153,0.03769705162639062
proj_fire_on,2,0.06644873313502608,0.06644873313502608,0.007857763630846601,0.002547041605407428
proj_mortality,2,0.6352066967824496,0.6352066967824496,0.07355391928730722,0.02149254410581809
proj_thinning_delta,2,15.948003965303382,15.948003965303382,10.76200245997578,3.302869423314876
roth_c_cover_c,2,0.0037305461431157206,0.0446014681889471,0.06875074616835901,0.014457905226290075
roth_c_dpm_frac_crop,2,-0.020279275405012554,0.0554261046679597,0.10567797465000059,0.030099691444536884
roth_c_dpm_frac_tree,2,0.010841226618019562,0.010841226618019562,0.003741877072091401,0.0012284834027884897
roth_c_moisture_b_slope,2,0.09644956914561446,0.2542485495056864,0.8658175642071555,0.23367204194455338
roth_c_temp_a1,2,0.05222406499749286,0.08256761815560991,0.08085723210355936,0.015040718889435846
roth_c_temp_a2,2,-0.0707481940576213,0.29706746263759126,0.5123157825581837,0.11317227879451328
thinning_fraction_branch_delta,2,0.0,0.0,0.0,0.0
thinning_fraction_croot_delta,2,0.0,0.0,0.0,0.0
thinning_fraction_froot_delta,2,0.0,0.0,0.0,0.0
thinning_fraction_leaf_delta,2,0.0,0.0,0.0,0.0
thinning_fraction_stem_delta,2,0.0,0.0,0.0,0.0
tree_carbon_sp1,2,6.99291323587358,6.99291323587358,1.873764504524658,0.6144777272714019
tree_nitrogen_branch_sp1,2,0.0,0.0,0.0,0.0
tree_nitrogen_croot_sp1,2,0.0,0.0,0.0,0.0
tree_nitrogen_froot_sp1,2,0.0,0.0,0.0,0.0
tree_nitrogen_leaf_sp1,2,0.0,0.0,0.0,0.0
tree_nitrogen_stem_sp1,2,0.0,0.0,0.0,0.0
tree_root_in_top_30,2,0.0,0.0,0.0,0.0
tree_root_to_shoot_sp1,2,0.3453801204563784,0.397072416324013,0.3565114042380772,0.0951785780688179
cy0,3,-0.05533005298200615,0.7581887474317173,1.4940784882871105,0.36669002017249547
clay,3,-0.23145665941308105,0.23859934961263374,0.6758715588817538,0.20847445780605678
temp_ci_delta,3,0.8431488440055277,0.8431488440055277,0.29136517642253756,0.08877156760543504
rain_ci_delta,3,3.4136230810492663,4.162944968631409,6.350801501511898,1.849451460502126
evap_ci_delta,3,-1.0073268219351874,1.2886719154734667,2.954066152664187,0.7884207338481587
ef_burn_crop_N2O_scale,3,-0.0002492264162415214,0.0014020530064120518,0.0018444832649695373,0.00037143291671662523
ef_burn_crop_CH4_scale,3,-0.00150753440769964,0.00482347906505598,0.006501911200414927,0.001466891788861926
ef_burn_tree_N2O_scale,3,0.013293291154785636,0.013293291154785636,0.010366873530886535,0.0030483274301421944
ef_burn_tree_CH4_scale,3,0.04713246210367121,0.04713246210367121,0.03695249442516304,0.012580466850797927
ef_N_inputs,3,0.009110621983095757,0.016527276277984383,0.01831932546521347,0.0036187501575752827
combustion_factor_crop,3,-0.001251212681999947,0.007176639844417698,0.010253720701595453,0.0023120656143937658
combustion_factor_tree,3,0.066294654836268,0.066294654836268,0.04270746749970517,0.013878439903570416
volatile_frac_organic_fertiliser,3,-0.0028754256509735177,0.0028754256509735177,0.00030556244209757453,8.220332913370808e-05
volatile_frac_synthetic_fertiliser,3,0.016297396888963277,0.016297396888963277,0.0016405654386359475,0.0005054828205223972
base_sf_qty_scale,3,-0.12981374696526468,0.12981374696526468,0.011684697112335017,0.003828718301943947
proj_lit_qty_scale,3,-0.07087488734248207,0.07087488734248207,0.044154320706519166,0.012788018612151451
base_stand_density_scale,3,0.0,0.0,0.0,0.0
proj_stand_density_scale,3,-3.7982424497679714,3.7982424497679714,1.0682586528538125,0.3574882923543798
tree_wood_dens_sp1,3,-3.78724595974541,3.78724595974541,1.1410049010940457,0.29802580544428847
base_cover,3,0.6965530993963969,0.6965530993963969,1.238149120149896,0.409063010159257
base_fire_off,3,-0.024885313060658554,0.024885313060658554,0.0896922103141355,0.02347518591733372
base_fire_on,3,-0.03493285974000315,0.03493285974000315,0.005956144895642722,0.001885990598943611
base_mortality,3,0.0,0.0,0.0,0.0
base_sf_n_delta,3,-0.1329016327181998,0.1329016327181998,0.01364616483361771,0.004551771405151985
base_thinning_delta,3,0.0,0.0,0.0,0.0
crop_base_left_delta,3,0.3158993179444651,0.3158993179444651,0.08941482875273908,0.02769615332746032
crop_base_yield_delta,3,0.29051553457575496,0.29051553457575496,0.12565549920625707,0.040418727575312556
crop_carbon_above_sp3,3,0.004955129110243717,0.015951270788592063,0.025008440636069416,0.005940319680814901
crop_carbon_below_sp3,3,0.016394351152370635,0.025801286796015933,0.03401064533734058,0.009019060247408322
crop_intercept_sp3,3,-0.0003357153821608394,0.007567471730385233,0.011793550936713568,0.0027954647810913965
crop_nitrogen_above_sp3,3,-0.001382984947018473,0.002082364054989272,0.002267851845147447,0.0005020846647996967
crop_nitrogen_below_sp3,3,-0.0031851691322602126,0.0031851691322602126,0.0007438279445783854,0.00023880611581083335
crop_carbon_above_sp10,3,-0.006150947308093224,0.030785756171565603,0.05068885025245701,0.013760504981713552
crop_carbon_below_sp10,3,0.0009468687401695374,0.014094178576452898,0.022222357890179626,0.00544784345590474
crop_intercept_sp10,3,-0.002477922039468483,0.00514103414838023,0.007907301932983528,0.0016963808946210874
crop_nitrogen_above_sp10,3,-0.00022899482431615326,0.001578917215028941,0.0018849667345626183,0.00033062009388504097
crop_nitrogen_below_sp10,3,-8.441088795341223e-05,0.0008590760851017176,0.0011558114040091673,0.00026372450582476544
crop_proj_left_delta,3,-0.3099424023902929,0.3099424023902929,0.09583478346698354,0.027013344255208308
crop_proj_yield_delta,3,-0.3091568073960655,0.3091568073960655,0.14306447820142515,0.044235841039600536
crop_root_in_top_30,3,0.015637852773482553,0.03178423046659027,0.05175388731950909,0.015228610135069945
crop_root_to_shoot_sp3,3,0.019875090161085907,0.02265705000456151,0.02709691641631025,0.006810494277995694
crop_slope_sp3,3,0.005983787957230558,0.008374746877078287,0.014831373373329751,0.004438413763394076
crop_root_to_shoot_sp10,3,0.004825140306457554,0.0114251053489145,0.017274342825788023,0.004247396507225243
crop_slope_sp10,3,-0.0015363097269266435,0.02858331405491461,0.0454695151379606,0.01015679793447184
cy0_to_ceq_multiplier,3,0.004874680914008866,0.030748487792238332,0.06773583210918119,0.019437337681233385
litter_carbon,3,-0.08773323434387006,0.08773323434387006,0.029068517555321177,0.009237145605236119
litter_nitrogen,3,0.023840581492757786,0.023840581492757786,0.0026222280512945857,0.000724819217294974
mortality_fraction_branch_delta,3,-0.12288363260921135,0.12288363260921135,0.03069251785068743,0.008941111897064117
mortality_fraction_croot_delta,3,-0.049775111553915584,0.049775111553915584,0.00996125778576104,0.0033668198207181398
mortality_fraction_froot_delta,3,-0.0260756835394101,0.0260756835394101,0.005393765060250253,0.0015985537317662858
mortality_fraction_leaf_delta,3,-0.0380121838228934,0.0380121838228934,0.006548863145221011,0.0018921030141883788
mortality_fraction_stem_delta,3,-0.2707568960429268,0.2707568960429268,0.04267669152710523,0.013840429461925907
pool_alloc_froot_sp1,3,-0.9970046092933618,0.9970046092933618,0.16042545072030542,0.04738754660048402
pool_alloc_leaf_sp1,3,-1.7447097535898415,1.7447097535898415,0.29267442143062206,0.08154973974095339
pool_alloc_stem_sp1,3,0.39468710493345494,0.7139690385533887,0.7465752268752643,0.13202238670153757
pool_turnover_branch_sp1,3,0.22167458629209608,0.22167458629209608,0.06790960696101002,0.018398013277745668
pool_turnover_croot_sp1,3,-2.74266921323476,2.74266921323476,0.5282939309612954,0.16828424646902454
pool_turnover_froot_sp1,3,-1.1493071184977388,1.1493071184977388,0.23468743800268832,0.07667423389479232
pool_turnover_leaf_sp1,3,-1.0339650664836277,1.0339650664836277,0.20164615033307895,0.0639683722710234
pool_turnover_stem_sp1,3,7.394906349257714,7.394906349257714,2.7581034591873044,0.81525618607684
proj_cover,3,-4.9036571359348065,4.9036571359348065,7.008678052152898,2.1750145040251
proj_fire_off,3,0.05973419738979202,0.05973419738979202,0.1246327416529314,0.0376970516263906
proj_fire_on,3,0.6475645031282157,0.6475645031282157,0.1405071978748121,0.04439034712280179
proj_mortality,3,0.4294584937290925,0.4294584937290925,0.09603170160072824,0.02785901096863224
proj_thinning_delta,3,10.560078386035595,10.560078386035595,7.327739551860017,2.2118717441215376
roth_c_cover_c,3,0.07638649318527731,0.09526274474082172,0.0968351815522857,0.02507023584600186
roth_c_dpm_frac_crop,3,-0.01292689229882058,0.0415474815982632,0.09168860283367637,0.026143902795228383
roth_c_dpm_frac_tree,3,0.4269352650307187,0.4269352650307187,0.07783499932944736,0.025698093153367265
roth_c_moisture_b_slope,3,-0.40963173634097727,0.5696804050628126,1.14414703236296,0.30366594217889914
roth_c_temp_a1,3,1.3425644805944918,1.3425644805944918,0.405632174867614,0.12148052778059786
roth_c_temp_a2,3,-3.515928795572645,3.515928795572645,0.9345319189017379,0.26042479353434367
thinning_fraction_branch_delta,3,-0.15393631843913008,0.15393631843913008,0.2136734503534792,0.06163475050254155
thinning_fraction_croot_delta,3,-0.08051153139406955,0.08051153139406955,0.09091511576831718,0.025991021647427625
thinning_fraction_froot_delta,3,-0.03398889717252938,0.03398889717252938,0.045820557877217394,0.014910952578090993
thinning_fraction_leaf_delta,3,-0.0644486400831615,0.0644486400831615,0.07751304034937068,0.023801213517018863
thinning_fraction_stem_delta,3,-0.48578747988497606,0.48578747988497606,0.5178343056767324,0.16329319506842524
tree_carbon_sp1,3,-3.864986270452305,3.864986270452305,1.2403068075053008,0.34927016290908197
tree_nitrogen_branch_sp1,3,0.0024393833516135775,0.0024393833516135775,0.0008579119572884512,0.00027703845340891763
tree_nitrogen_croot_sp1,3,0.0015719293501063047,0.0015719293501063047,0.0008704991604278339,0.0002516495151358524
tree_nitrogen_froot_sp1,3,0.043661330645594965,0.043661330645594965,0.007290529734584691,0.0019903025881061326
tree_nitrogen_leaf_sp1,3,0.06509850938188289,0.06509850938188289,0.008240970154006004,0.0025658202396529202
tree_nitrogen_stem_sp1,3,0.009647438875351577,0.009647438875351577,0.004681056326652903,0.0012434564072150702
tree_root_in_top_30,3,-1.3494732675839496,1.3494732675839496,0.2617562150779092,0.07666088788421838
tree_root_to_shoot_sp1,3,-0.11880651257179195,0.2191051547874811,0.2722805556319374,0.0601120607937329
cy0,4,-0.05784931619697634,0.663183532152605,1.295171332380998,0.31467115861743006
clay,4,-0.35742482554863436,0.3686574811099891,1.1212028724564498,0.350501175744019
temp_ci_delta,4,1.3089330840322695,1.3089330840322695,0.3419719851824417,0.10222904060814983
rain_ci_delta,4,5.781377201841539,6.2347618776196665,9.420299784543216,2.9284193443271858
evap_ci_delta,4,-1.778219652148064,1.9909435509299827,4.675216716593217,1.2700609554888962
ef_burn_crop_N2O_scale,4,-0.00024922641624118834,0.0014020530064107195,0.0018444832649684567,0.00037143291671643696
ef_burn_crop_CH4_scale,4,-0.0015075344076997733,0.0048234790650554474,0.006501911200414625,0.0014668917888619873
ef_burn_tree_N2O_scale,4,0.012259106892420062,0.012259106892420062,0.009231360157455243,0.0026741976881408253
ef_burn_tree_CH4_scale,4,0.04403582320694434,0.04403582320694434,0.03348700859669395,0.01130489680778052
ef_N_inputs,4,0.001214062587803235,0.01310160235247933,0.01728558818405617,0.0034345907509155085
combustion_factor_crop,4,-0.0012512126819998407,0.007176639844417926,0.010253720701595864,0.0023120656143937753
combustion_factor_tree,4,0.061400476909251725,0.061400476909251725,0.03780015379128272,0.012220468250478999
volatile_frac_organic_fertiliser,4,-0.0028754256509734926,0.0028754256509734926,0.0003055624420982819,8.220332913381719e-05
volatile_frac_synthetic_fertiliser,4,0.0162973968889628,0.0162973968889628,0.0016405654386361978,0.0005054828205224846
base_sf_qty_scale,4,-0.12981374696526476,0.12981374696526476,0.011684697112333855,0.0038287183019436078
proj_lit_qty_scale,4,-0.049678303107680184,0.049678303107680184,0.04183396533352661,0.012242396288687963
base_stand_density_scale,4,0.0,0.0,0.0,0.0
proj_stand_density_scale,4,-1.5652061889095221,1.7998702847149992,1.5396433528451465,0.4228471225019175
tree_wood_dens_sp1,4,-1.5146698738887865,1.7202443617352063,1.5013758331518074,0.36388566613623735
base_cover,4,0.6011182720050533,0.6011182720050533,1.0746497514960094,0.357495410995899
base_fire_off,4,-0.02488531306065847,0.02488531306065847,0.08969221031413525,0.023475185917333684
base_fire_on,4,-0.034932859740002445,0.034932859740002445,0.005956144895643084,0.0018859905989436951
base_mortality,4,0.0,0.0,0.0,0.0
base_sf_n_delta,4,-0.132901632718201,0.132901632718201,0.013646164833617006,0.004551771405151631
base_thinning_delta,4,0.0,0.0,0.0,0.0
crop_base_left_delta,4,0.26323222737092117,0.26323222737092117,0.08163639119301073,0.025533179521436748
crop_base_yield_delta,4,0.21634625289021728,0.21634625289021728,0.09743390863201982,0.031362762883089264
crop_carbon_above_sp3,4,0.003740716817175904,0.013908927532936844,0.022829819381526076,0.0054020812326833504
crop_carbon_below_sp3,4,0.011748777491072723,0.020634047665550433,0.028077692429068858,0.007431694191757577
crop_intercept_sp3,4,-0.0002838722816816075,0.006554931024132094,0.01046229076709557,0.002575710052568637
crop_nitrogen_above_sp3,4,-0.0013829849470188393,0.0020823640549893054,0.002267851845147401,0.0005020846647997755
crop_nitrogen_below_sp3,4,-0.00318516913226152,0.00318516913226152,0.0007438279445788576,0.00023880611581098907
crop_carbon_above_sp10,4,-0.0062470258048480665,0.025879013955902325,0.0430729654988903,0.011816024065030052
crop_carbon_below_sp10,4,0.000282387797531361,0.011933232255580748,0.01932914478296779,0.004787296369482498
crop_intercept_sp10,4,-0.0022625555104554993,0.004484044050587344,0.007418431617466739,0.0016467166172919108
crop_nitrogen_above_sp10,4,-0.00022899482431706087,0.001578917215029199,0.0018849667345629958,0.00033062009388512396
crop_nitrogen_below_sp10,4,-8.441088795362872e-05,0.0008590760851023338,0.0011558114040101908,0.0002637245058251619
crop_proj_left_delta,4,-0.2588916113546075,0.2588916113546075,0.08756592364749231,0.024783413097760363
crop_proj_yield_delta,4,-0.23848957838827128,0.23848957838827128,0.13122630632276658,0.040820530225406444
crop_root_in_top_30,4,0.011452068079306276,0.02752914242604282,0.04814504907532966,0.014492311470828918
crop_root_to_shoot_sp3,4,0.01591496797814875,0.01865229902792189,0.024274431738537956,0.006140891828190602
crop_slope_sp3,4,0.004587363019397999,0.006664880819419711,0.012959205934172486,0.0037369421915258946
crop_root_to_shoot_sp10,4,0.004659763032688459,0.009821418738830039,0.01583783042391811,0.003994535273987393
crop_slope_sp10,4,-0.0018612264731159456,0.022421554275319028,0.03656729593080913,0.008439844074574557
cy0_to_ceq_multiplier,4,-0.002188274779991706,0.03770374252888135,0.10241970387938566,0.03061100233711139
litter_carbon,4,-0.06706411640915236,0.06706411640915236,0.027210591398742694,0.008760496866641534
litter_nitrogen,4,0.023840581492758233,0.023840581492758233,0.0026222280512939967,0.0007248192172949693
mortality_fraction_branch_delta,4,-0.07566414329816364,0.07566414329816364,0.03179286979784952,0.009355383796530156
mortality_fraction_croot_delta,4,-0.028870220294217465,0.028870220294217465,0.00956287903219481,0.0031862115067331194
mortality_fraction_froot_delta,4,-0.013960382960414224,0.013960382960414224,0.005484226912549787,0.0015548611433207568
mortality_fraction_leaf_delta,4,-0.0206430255801641,0.0206430255801641,0.007111308618756964,0.002019402197835405
mortality_fraction_stem_delta,4,-0.14891667357841273,0.14891667357841273,0.05209689456603985,0.018365634277404896
pool_alloc_froot_sp1,4,-0.5334999356702583,0.5334999356702583,0.17387075348744913,0.05307617974987289
pool_alloc_leaf_sp1,4,-0.9559916233250849,0.9559916233250849,0.3584245304768263,0.10006490983407375
pool_alloc_stem_sp1,4,0.8927268857602122,1.2334629446211849,1.1813391643075026,0.24732276440053277
pool_turnover_branch_sp1,4,0.39416481314716084,0.39416481314716084,0.11340031511160693,0.030511727411180713
pool_turnover_croot_sp1,4,-1.6353858659854903,1.6353858659854903,0.44399895569887543,0.14228979699498934
pool_turnover_froot_sp1,4,-0.6744524317549618,0.6744524317549618,0.22682566654582428,0.07320620916299417
pool_turnover_leaf_sp1,4,-0.604993701939023,0.604993701939023,0.20377557312033354,0.06337107694813822
pool_turnover_stem_sp1,4,14.259024436604815,14.259024436604815,4.164863992092013,1.258435520095239
proj_cover,4,-7.226977635323875,7.226977635323875,10.547918693416559,3.2983944300906662
proj_fire_off,4,0.05973419738979176,0.05973419738979176,0.1246327416529311,0.037697051626390476
proj_fire_on,4,0.6085826698574,0.6085826698574,0.10610050662092964,0.03352586831962091
proj_mortality,4,0.544562332555184,0.544562332555184,0.1376833720145342,0.040376994929011284
proj_thinning_delta,4,13.222639907535296,13.222639907535296,9.14781282748816,2.766267503773057
roth_c_cover_c,4,0.11730291435863346,0.13309614705706713,0.12161413291222709,0.033604248491445776
roth_c_dpm_frac_crop,4,-0.009869747921205374,0.032353203073842096,0.08206213920458134,0.023486749978732666
roth_c_dpm_frac_tree,4,0.24497026437553687,0.24497026437553687,0.10408559947589067,0.03152612835940035
roth_c_moisture_b_slope,4,-0.7374934805526108,0.8273207719927749,1.699324985233966,0.4689978790889637
roth_c_temp_a1,4,1.989998586912008,1.989998586912008,0.4601750884339274,0.15620366925414264
roth_c_temp_a2,4,-5.293211933346151,5.293211933346151,1.1450349338457577,0.3106815714595361
thinning_fraction_branch_delta,4,-0.08822620064159202,0.08822620064159202,0.12198097161555893,0.0350519753124906
thinning_fraction_croot_delta,4,-0.043344133805728415,0.043344133805728415,0.048737015557567806,0.014694844840395063
thinning_fraction_froot_delta,4,-0.01735247060503766,0.01735247060503766,0.022556338757966452,0.007020376703109231
thinning_fraction_leaf_delta,4,-0.03179029144268016,0.03179029144268016,0.03830787263414751,0.01150300730067719
thinning_fraction_stem_delta,4,-0.22404222755885583,0.22404222755885583,0.22882672961742917,0.0709985416728963
tree_carbon_sp1,4,-1.550600169378813,1.8168655633106447,1.7735249224354996,0.43858533733729055
tree_nitrogen_branch_sp1,4,0.002369621102314046,0.002369621102314046,0.0007374321479796085,0.00023995508850591871
tree_nitrogen_croot_sp1,4,0.0014863850396865774,0.0014863850396865774,0.0008441136118706023,0.00024110996790082046
tree_nitrogen_froot_sp1,4,0.04117847962455652,0.04117847962455652,0.0071735322610980475,0.0021034106273040156
tree_nitrogen_leaf_sp1,4,0.061892189555122136,0.061892189555122136,0.00923384990000645,0.002780845326414551
tree_nitrogen_stem_sp1,4,0.00861524917590704,0.00861524917590704,0.003698150162510862,0.000987493980349562
tree_root_in_top_30,4,-0.7647557515200566,0.7647557515200566,0.29574239848455314,0.08780872177532417
tree_root_to_shoot_sp1,4,-0.013046037626632428,0.18010049543648696,0.24867989020274564,0.05176994683634184
cy0,5,-0.05338189502279659,0.6134207248638932,1.1936693073316578,0.28866789960699024
clay,5,-0.37117436122247127,0.3823038576451684,1.1845903685696417,0.3686543746104458
temp_ci_delta,5,1.1428998332932347,1.1428998332932347,0.26787877463554494,0.0792289603881157
rain_ci_delta,5,5.886465957952863,6.305240595540481,10.201527519890778,3.164807572565743
evap_ci_delta,5,-1.8922650691121254,2.069804927717133,4.911217215811414,1.3669680248852534
ef_burn_crop_N2O_scale,5,-0.0002492264162409552,0.0014020530064110027,0.0018444832649686595,0.00037143291671643127
ef_burn_crop_CH4_scale,5,-0.0015075344077002146,0.004823479065055672,0.006501911200414493,0.0014668917888619707
ef_burn_tree_N2O_scale,5,0.011379703030475245,0.011379703030475245,0.00835382862643568,0.0023896064877952203
ef_burn_tree_CH4_scale,5,0.041366678801025715,0.041366678801025715,0.03075262079061303,0.010282564406722367
ef_N_inputs,5,-0.005481580090077326,0.015112692778452352,0.019324095011677974,0.0043303402804062
combustion_factor_crop,5,-0.0012512126819997347,0.007176639844417919,0.010253720701595916,0.0023120656143938985
combustion_factor_tree,5,0.05725094081568789,0.05725094081568789,0.03416832386864619,0.01095178383279814
volatile_frac_organic_fertiliser,5,-0.002875425650973601,0.002875425650973601,0.00030556244209796994,8.220332913374196e-05
volatile_frac_synthetic_fertiliser,5,0.016297396888962846,0.016297396888962846,0.0016405654386363311,0.0005054828205225498
base_sf_qty_scale,5,-0.1298137469652647,0.1298137469652647,0.01168469711233394,0.0038287183019435796
proj_lit_qty_scale,5,-0.037352186023364126,0.037352186023364126,0.03777058024976916,0.011121646969576513
base_stand_density_scale,5,0.0,0.0,0.0,0.0
proj_stand_density_scale,5,-0.5500903621705395,1.34817206499401,1.6918560094400241,0.35151248453675504
tree_wood_dens_sp1,5,-0.4685704030245949,1.2680751304394307,1.577787958291582,0.34898655470492446
base_cover,5,0.5347497703887454,0.5347497703887454,0.9583560525137138,0.3196095472454399
base_fire_off,5,-0.02488531306065847,0.02488531306065847,0.08969221031413525,0.023475185917333684
base_fire_on,5,-0.03493285974000245,0.03493285974000245,0.005956144895642887,0.0018859905989436012
base_mortality,5,0.0,0.0,0.0,0.0
base_sf_n_delta,5,-0.13290163271820116,0.13290163271820116,0.013646164833617158,0.004551771405151768
base_thinning_delta,5,0.0,0.0,0.0,0.0
crop_base_left_delta,5,0.23292413220228178,0.23292413220228178,0.07477291998756298,0.023439967721456068
crop_base_yield_delta,5,0.1752863443699056,0.1752863443699056,0.08127418208429131,0.02630005402650029
crop_carbon_above_sp3,5,0.0030646801302579687,0.0124149724321026,0.020892902456923546,0.004935156281004483
crop_carbon_below_sp3,5,0.00967626796743847,0.017741655763233357,0.024967428380368778,0.006657909171590732
crop_intercept_sp3,5,-0.00024148967035715063,0.00573667801912924,0.009185492065051327,0.0022924917274713473
crop_nitrogen_above_sp3,5,-0.0013829849470186229,0.002082364054988939,0.002267851845146952,0.0005020846647996576
crop_nitrogen_below_sp3,5,-0.003185169132260987,0.003185169132260987,0.0007438279445783084,0.00023880611581078776
crop_carbon_above_sp10,5,-0.005924222440844534,0.022814709583138977,0.03853173634806312,0.010669234933003863
crop_carbon_below_sp10,5,9.682527460654067e-05,0.010530377266082271,0.017427804653022617,0.004358070876832222
crop_intercept_sp10,5,-0.002081456307810177,0.0040599079501170325,0.006889586532833567,0.001535306229652874
crop_nitrogen_above_sp10,5,-0.00022899482431602836,0.0015789172150291824,0.001884966734562977,0.00033062009388504725
crop_nitrogen_below_sp10,5,-8.441088795410334e-05,0.0008590760851033746,0.001155811404010875,0.0002637245058249949
crop_proj_left_delta,5,-0.228840166718683,0.228840166718683,0.07889706270749902,0.022499600588904052
crop_proj_yield_delta,5,-0.19667222337122436,0.19667222337122436,0.11786474173893019,0.03665685967291621
crop_root_in_top_30,5,0.009047575019152185,0.024197446270731456,0.04400446094924176,0.013316971275213937
crop_root_to_shoot_sp3,5,0.013455178004224102,0.015954073971792618,0.021478805642001275,0.005463601161904733
crop_slope_sp3,5,0.003764426183986214,0.005657884730324009,0.011844232602608943,0.0033867766622294325
crop_root_to_shoot_sp10,5,0.004322198691415566,0.00864365442684151,0.014457579552480893,0.003692461285732839
crop_slope_sp10,5,-0.0018334367484314925,0.018985229281594927,0.031193395435526575,0.007293256972179817
cy0_to_ceq_multiplier,5,-0.004658250329514657,0.03568015191208858,0.11174129721377636,0.034034183268506296
litter_carbon,5,-0.055661948446973496,0.055661948446973496,0.024314940820614955,0.007881797418048448
litter_nitrogen,5,0.023840581492758018,0.023840581492758018,0.002622228051294418,0.0007248192172950246
mortality_fraction_branch_delta,5,-0.05141647989980591,0.05141647989980591,0.031432763821306456,0.009303370163166786
mortality_fraction_croot_delta,5,-0.018254385682103618,0.018254385682103618,0.009418413307328188,0.0030385960804421848
mortality_fraction_froot_delta,5,-0.008183168130694588,0.008183168130694588,0.0053865234054411675,0.0015526028181633077
mortality_fraction_leaf_delta,5,-0.012289360385695254,0.012289360385695254,0.0073335798879998705,0.002052481869752988
mortality_fraction_stem_delta,5,-0.08905512733852869,0.08905512733852869,0.05481647891848579,0.019715029953533216
pool_alloc_froot_sp1,5,-0.3052160680228636,0.3052160680228636,0.16934781994782985,0.05243788649977234
pool_alloc_leaf_sp1,5,-0.564290796670184,0.564290796670184,0.36657960996298916,0.10355183788532141
pool_alloc_stem_sp1,5,1.0546961833410857,1.4125416254616234,1.3146317121629454,0.27508374490677434
pool_turnover_branch_sp1,5,0.47283118396469515,0.47283118396469515,0.14411767664911151,0.03821568927524026
pool_turnover_croot_sp1,5,-1.067076778720867,1.067076778720867,0.4020862438832695,0.13140060094497735
pool_turnover_froot_sp1,5,-0.4370895587523197,0.4370895587523197,0.2162438591276588,0.06934941991911976
pool_turnover_leaf_sp1,5,-0.3867139612892595,0.3867139612892595,0.19063502114068695,0.05859466106965965
pool_turnover_stem_sp1,5,16.56062276299081,16.56062276299081,5.31771270227486,1.5901607130430926
proj_cover,5,-7.322557916611632,7.322557916611632,11.157237557136495,3.532372288393705
proj_fire_off,5,0.05973419738979158,0.05973419738979158,0.12463274165293031,0.03769705162639023
proj_fire_on,5,0.5753064970594602,0.5753064970594602,0.08518469450389407,0.026895085523671265
proj_mortality,5,0.5864987915983015,0.5864987915983015,0.183543755768944,0.05359915387118733
proj_thinning_delta,5,14.040306705973265,14.040306705973265,9.909843751139375,2.9974182289388063
roth_c_cover_c,5,0.10245888803920036,0.11773255357299972,0.11816872261751625,0.03434926192193232
roth_c_dpm_frac_crop,5,-0.008484299194136782,0.026057546257323844,0.07349244030881247,0.021155410600108265
roth_c_dpm_frac_tree,5,0.1264203650744135,0.12837836981885414,0.11697780775033717,0.03671404887149012
roth_c_moisture_b_slope,5,-0.8789266541826702,0.9620217324137471,2.2009838453484076,0.6179657988601517
roth_c_temp_a1,5,1.6269334097088304,1.6269334097088304,0.3603163307635883,0.12996123773681742
roth_c_temp_a2,5,-4.26872410698269,4.26872410698269,0.7750499511930913,0.19143299332204758
thinning_fraction_branch_delta,5,-0.05455041039320916,0.05455041039320916,0.08099857590295287,0.023770704951819713
thinning_fraction_croot_delta,5,-0.024767179061531235,0.024767179061531235,0.030064282245202027,0.009711499922202852
thinning_fraction_froot_delta,5,-0.009248252683644726,0.009248252683644726,0.012671979860193036,0.003618690116570787
thinning_fraction_leaf_delta,5,-0.016284875481811845,0.016284875481811845,0.021146764605636265,0.006357368257741646
thinning_fraction_stem_delta,5,-0.10446809966472106,0.10446809966472106,0.11746923440753289,0.03529774202723014
tree_carbon_sp1,5,-0.5278210686229011,1.5548503639872808,1.8981215337918056,0.344707261779165
tree_nitrogen_branch_sp1,5,0.0022988867561386265,0.0022988867561386265,0.0006326731431125716,0.00020730495905203617
tree_nitrogen_croot_sp1,5,0.0014130647213083936,0.0014130647213083936,0.0008326944865081434,0.00023591895047981885
tree_nitrogen_froot_sp1,5,0.03908360354700911,0.03908360354700911,0.00792162686794761,0.00243865991675306
tree_nitrogen_leaf_sp1,5,0.05914747568011387,0.05914747568011387,0.011171186794701306,0.0033165088359210677
tree_nitrogen_stem_sp1,5,0.007754648951460641,0.007754648951460641,0.002954838033815647,0.0007983333102087974
tree_root_in_top_30,5,-0.4768825461948419,0.4768825461948419,0.30799864808536187,0.09022319195755459
tree_root_to_shoot_sp1,5,0.03179233964224932,0.17369439238314074,0.2321751504190249,0.0452047874426295
cy0,6,-0.047340577282783,0.5792081827164548,1.1290394690127181,0.2730834999147404
clay,6,-0.31984776619560085,0.32890587265629145,1.0452914128456028,0.32136545626961105
temp_ci_delta,6,0.8165904134918984,0.8165904134918984,0.34142502246410394,0.10149612515585982
rain_ci_delta,6,4.945738955494882,5.397015050617279,9.479986380849578,2.8826319733144747
evap_ci_delta,6,-1.6499300516356505,1.8106065002254723,4.381163290237177,1.2490795482725165
ef_burn_crop_N2O_scale,6,-0.0033276030017222054,0.003472806325930426,0.002519203577197759,0.0005980928663086823
ef_burn_crop_CH4_scale,6,-0.012543540146484228,0.01283992798775227,0.009503528698989135,0.002532641064243788
ef_burn_tree_N2O_scale,6,0.010627822187915775,0.010627822187915775,0.007677822349943243,0.0021756288745255203
ef_burn_tree_CH4_scale,6,0.03905567522512719,0.03905567522512719,0.028588864243301003,0.009459435396209522
ef_N_inputs,6,-0.0226221451386447,0.026088635317057317,0.022723946749807263,0.00635675037615124
combustion_factor_crop,6,-0.014493638588729102,0.015388645910985039,0.012609924446931289,0.0032940759962572794
combustion_factor_tree,6,0.053716061980399785,0.053716061980399785,0.0315457651105011,0.0099947342268773
volatile_frac_organic_fertiliser,6,-0.002875425650974367,0.002875425650974367,0.0003055624420981512,8.220332913390339e-05
volatile_frac_synthetic_fertiliser,6,0.01629739688896317,0.01629739688896317,0.0016405654386365848,0.0005054828205226139
base_sf_qty_scale,6,-0.12981374696526482,0.12981374696526482,0.011684697112334321,0.0038287183019437222
proj_lit_qty_scale,6,-0.029478204604273285,0.029478204604273285,0.03349583921882209,0.009894603643597151
base_stand_density_scale,6,0.0,0.0,0.0,0.0
proj_stand_density_scale,6,-0.08895744170908615,1.3083793279981593,1.6847753298046677,0.30880786448161746
tree_wood_dens_sp1,6,0.02222028349552032,1.228364718901527,1.51828078350906,0.2884969192391037
base_cover,6,0.484605830830591,0.484605830830591,0.869574571744231,0.28999785320218663
base_fire_off,6,-0.024885313060658554,0.024885313060658554,0.08969221031413553,0.02347518591733375
base_fire_on,6,-0.03493285974000327,0.03493285974000327,0.0059561448956429435,0.0018859905989437019
base_mortality,6,0.0,0.0,0.0,0.0
base_sf_n_delta,6,-0.1329016327182005,0.1329016327182005,0.013646164833617158,0.004551771405151763
base_thinning_delta,6,0.0,0.0,0.0,0.0
crop_base_left_delta,6,0.2133976853808272,0.2133976853808272,0.06841402418327656,0.021400076641041717
crop_base_yield_delta,6,0.15007288472178767,0.15007288472178767,0.07169445400572232,0.02332140398851633
crop_carbon_above_sp3,6,0.0026688406852191484,0.011252058322503849,0.019131382266901385,0.004500646847699528
crop_carbon_below_sp3,6,0.008691379485018224,0.015981718602840644,0.022494061661412174,0.006005278717956103
crop_intercept_sp3,6,-0.00022497458636685646,0.0050869533092873275,0.0080804594355075,0.0020187440430815026
crop_nitrogen_above_sp3,6,-0.0013829849470180233,0.002082364054988739,0.002267851845147252,0.0005020846647996672
crop_nitrogen_below_sp3,6,-0.003185169132261162,0.003185169132261162,0.0007438279445784461,0.00023880611581084167
crop_carbon_above_sp10,6,0.20447694232579372,0.20447694232579372,0.037587635622481595,0.011383019345355214
crop_carbon_below_sp10,6,0.08212617148144905,0.08212617148144905,0.018300524902298495,0.0057434921502569165
crop_intercept_sp10,6,0.06251923377052962,0.06251923377052962,0.010768236204499161,0.0036887130200269976
crop_nitrogen_above_sp10,6,-0.007081677975078996,0.007081677975078996,0.0014323384656656144,0.0004374111624651089
crop_nitrogen_below_sp10,6,-0.004457407240105802,0.004457407240105802,0.0014506415250370485,0.00043335930573445584
crop_proj_left_delta,6,0.17977576372748222,0.17977576372748222,0.059494755505223415,0.017596426974153014
crop_proj_yield_delta,6,0.2868846794591835,0.2868846794591835,0.08130905648475205,0.02459987067045322
crop_root_in_top_30,6,0.0844629617709576,0.08609244246481833,0.03374891589176796,0.009210670597265366
crop_root_to_shoot_sp3,6,0.011763266365668424,0.013990618940570364,0.01894887042630256,0.0048336845097836445
crop_slope_sp3,6,0.003202901225929844,0.005035494713826649,0.01098120518243255,0.0031378861977236247
crop_root_to_shoot_sp10,6,0.08199359560322196,0.08199359560322196,0.01593658991106617,0.005072578517293839
crop_slope_sp10,6,0.16480997009394568,0.16480997009394568,0.034201821948613216,0.010321206059508306
cy0_to_ceq_multiplier,6,-0.00526315426361742,0.031675327494951735,0.10812334228557437,0.033236127589113915
litter_carbon,6,-0.04880526266962366,0.04880526266962366,0.02135835034930095,0.006942170670112211
litter_nitrogen,6,0.023840581492758306,0.023840581492758306,0.002622228051294619,0.0007248192172950894
mortality_fraction_branch_delta,6,-0.03788367798223581,0.03788367798223581,0.029232470846363583,0.008656129049537949
mortality_fraction_croot_delta,6,-0.012492122427788636,0.012492122427788636,0.008640085188501904,0.002720640131740582
mortality_fraction_froot_delta,6,-0.005268538990894722,0.005319980240361222,0.004898893528570804,0.0014221373634098018
mortality_fraction_leaf_delta,6,-0.008053139847029323,0.008053139847029323,0.007011758321210687,0.0019564126608907543
mortality_fraction_stem_delta,6,-0.058091143595100855,0.058128717077488415,0.05224301507159733,0.018874586497146698
pool_alloc_froot_sp1,6,-0.18632821698771662,0.1936340986760519,0.15276448814712512,0.04377305766702767
pool_alloc_leaf_sp1,6,-0.3593682344024566,0.3593682344024566,0.3429409970108267,0.09737768059029307
pool_alloc_stem_sp1,6,1.07151653174022,1.4338510253200536,1.3295562900926348,0.27316379176153044
pool_turnover_branch_sp1,6,0.5074542638702105,0.5074542638702105,0.17070859332971333,0.0447161766117582
pool_turnover_croot_sp1,6,-0.7558332179717135,0.7558332179717135,0.35342009635408955,0.11836686672614186
pool_turnover_froot_sp1,6,-0.3093716947688752,0.3093716947688752,0.1927229372956732,0.06181101444581769
pool_turnover_leaf_sp1,6,-0.26790412500892036,0.26790412500892036,0.16436563205703683,0.05010496649902087
pool_turnover_stem_sp1,6,16.978962495219246,16.978962495219246,6.51526079665454,1.9266476756484758
proj_cover,6,-6.2994180326216265,6.2994180326216265,10.031825382726426,3.194856380822326
proj_fire_off,6,0.03827633718179539,0.03827633718179539,0.08866578947612404,0.027751019787327778
proj_fire_on,6,0.5241814395732618,0.5241814395732618,0.07672367530933105,0.02400494404245585
proj_mortality,6,0.596421967354892,0.596421967354892,0.23020197026939626,0.06685208138363384
proj_thinning_delta,6,14.079832728392706,14.079832728392706,10.31275750986139,3.122226906303321
roth_c_cover_c,6,0.07398002367250137,0.08962666209255138,0.11085185780490861,0.03281444897259485
roth_c_dpm_frac_crop,6,-0.20001493981614832,0.20001493981614832,0.06672881524044606,0.021319018346343695
roth_c_dpm_frac_tree,6,0.06501815258764922,0.07799577973318393,0.11414325794386934,0.03345707386281793
roth_c_moisture_b_slope,6,-0.8699377525044755,0.9573643628837962,2.3861239413181297,0.6774917508620144
roth_c_temp_a1,6,1.0731866670535164,1.0731866670535164,0.4631077349647185,0.143427585876645
roth_c_temp_a2,6,-2.6882769098634656,2.6882769098634656,0.9034674714707249,0.2306372065028429
thinning_fraction_branch_delta,6,-0.0357097900479995,0.0357097900479995,0.059168387626072606,0.01781485243502508
thinning_fraction_croot_delta,6,-0.014892647313659238,0.014892647313659238,0.020976039585065536,0.007129530361738101
thinning_fraction_froot_delta,6,-0.005142678523184452,0.005142678523184452,0.008656193668808626,0.0023022901160754685
thinning_fraction_leaf_delta,6,-0.008597990932781113,0.008892109416383038,0.013383153177801022,0.004065827170338495
thinning_fraction_stem_delta,6,-0.04878803287636685,0.055608027050619145,0.08195820198357003,0.022982117331311044
tree_carbon_sp1,6,-0.0740297787615983,1.4688613480175976,1.8473067298258892,0.3100291935182065
tree_nitrogen_branch_sp1,6,0.002228447829152069,0.002228447829152069,0.0005450897283967348,0.0001792926148430493
tree_nitrogen_croot_sp1,6,0.0013500901560314998,0.0013500901560314998,0.0008332011893967984,0.0002349601466959035
tree_nitrogen_froot_sp1,6,0.03730820027891734,0.03730820027891734,0.009038009297136959,0.0028434433568728223
tree_nitrogen_leaf_sp1,6,0.05679052737792969,0.05679052737792969,0.013357258628979959,0.00395344332157794
tree_nitrogen_stem_sp1,6,0.007033393500885171,0.007033393500885171,0.002404637818541079,0.0006636578664296725
tree_root_in_top_30,6,-0.325750387507345,0.32676895826618835,0.2915534293016039,0.08471004035199074
tree_root_to_shoot_sp1,6,0.04863351624114254,0.16943277785094019,0.21798823615135068,0.040610224409261465
cy0,7,-0.041721456815164246,0.5499584570348051,1.0779722609190525,0.2615887386619472
clay,7,-0.26319062198972903,0.2694151466311744,0.8766915267237616,0.26452226993861294
temp_ci_delta,7,0.5755784609396601,0.5848256613058906,0.4298757723454992,0.12347533027161892
rain_ci_delta,7,3.986157172371685,4.511024892286573,8.55398015125997,2.5371345760923214
evap_ci_delta,7,-1.3619711143324422,1.5129974596640972,3.763455567639709,1.0931246096328902
ef_burn_crop_N2O_scale,7,-0.0033276030017223095,0.0034728063259304638,0.002519203577197945,0.000598092866308726
ef_burn_crop_CH4_scale,7,-0.012543540146483827,0.01283992798775187,0.009503528698989249,0.0025326410642438606
ef_burn_tree_N2O_scale,7,0.009981537667372347,0.009981537667372347,0.007158692757587694,0.0020167859885572444
ef_burn_tree_CH4_scale,7,0.037046271882586836,0.037046271882586836,0.026872257178209683,0.008793883998877672
ef_N_inputs,7,-0.027487893924738743,0.03182379217626839,0.02646153713199146,0.007226805136289877
combustion_factor_crop,7,-0.01449363858872961,0.01538864591098548,0.012609924446931726,0.003294075996257429
combustion_factor_tree,7,0.05069106727245507,0.05069106727245507,0.029711236975542708,0.009285948431617955
volatile_frac_organic_fertiliser,7,-0.0028754256509739467,0.0028754256509739467,0.00030556244209809224,8.220332913387854e-05
volatile_frac_synthetic_fertiliser,7,0.01629739688896296,0.01629739688896296,0.0016405654386363751,0.0005054828205225657
base_sf_qty_scale,7,-0.12981374696526465,0.12981374696526465,0.011684697112334311,0.0038287183019437396
proj_lit_qty_scale,7,-0.023957465662403678,0.023984388297491478,0.029572865632509538,0.008744651189945152
base_stand_density_scale,7,0.0,0.0,0.0,0.0
proj_stand_density_scale,7,0.7138386974254,1.624555082489056,1.7658449451736982,0.27125953894129023
tree_wood_dens_sp1,7,0.8723528245815778,1.575065759468329,1.5571822493234555,0.20419546415574408
base_cover,7,0.4444596126824122,0.4444596126824122,0.7986131788039076,0.26594721695597834
base_fire_off,7,-0.024885313060658554,0.024885313060658554,0.08969221031413553,0.02347518591733375
base_fire_on,7,-0.034932859740002764,0.034932859740002764,0.005956144895642876,0.0018859905989436273
base_mortality,7,0.0,0.0,0.0,0.0
base_sf_n_delta,7,-0.1329016327182007,0.1329016327182007,0.01364616483361735,0.004551771405151817
base_thinning_delta,7,0.0,0.0,0.0,0.0
crop_base_left_delta,7,0.19937434311854155,0.19937434311854155,0.06273820521723188,0.019540432097154784
crop_base_yield_delta,7,0.1327305012920718,0.1327305012920718,0.06578340877031026,0.021465439132155345
crop_carbon_above_sp3,7,0.0024232063853761006,0.01031439322517785,0.017565531773535533,0.004108030111493377
crop_carbon_below_sp3,7,0.008168218245804349,0.014743037837933015,0.020419065398302766,0.005439982706826583
crop_intercept_sp3,7,-0.00022907024593184986,0.004571005552858078,0.007169239342549657,0.0017807230879435653
crop_nitrogen_above_sp3,7,-0.0013829849470180025,0.0020823640549887264,0.0022678518451472608,0.000502084664799648
crop_nitrogen_below_sp3,7,-0.0031851691322612578,0.0031851691322612578,0.0007438279445784532,0.00023880611581090396
crop_carbon_above_sp10,7,0.12832960546131925,0.12832960546131925,0.03228444863267339,0.00985913360298053
crop_carbon_below_sp10,7,0.05196903822821519,0.05196903822821519,0.015430467433395871,0.00479110900207851
crop_intercept_sp10,7,0.037146009336854045,0.037146009336854045,0.008406821545942023,0.0025936619355093242
crop_nitrogen_above_sp10,7,-0.00708167797507932,0.00708167797507932,0.0014323384656655103,0.00043741116246507234
crop_nitrogen_below_sp10,7,-0.004457407240105427,0.004457407240105427,0.0014506415250372833,0.00043335930573448517
crop_proj_left_delta,7,0.056834263666768484,0.06092906594519861,0.03371682665798895,0.006982616595020904
crop_proj_yield_delta,7,0.1754014831502942,0.17571148901438396,0.05514590385818338,0.01526396226934266
crop_root_in_top_30,7,0.054308246817503056,0.05697139149681589,0.03029596269020573,0.007997584977615362
crop_root_to_shoot_sp3,7,0.010508472458412455,0.01248769482617535,0.016813992841454017,0.004292274374871455
crop_slope_sp3,7,0.0027687049146775276,0.004639703162795089,0.010240205052167849,0.0029230287016989245
crop_root_to_shoot_sp10,7,0.05102340775700352,0.05102340775700352,0.014747155919260695,0.00471132698698175
crop_slope_sp10,7,0.09543670384353334,0.09543670384353334,0.02899964650708505,0.008565486136158377
cy0_to_ceq_multiplier,7,-0.005146036037695284,0.027701007376034186,0.09995851424030108,0.03091197228647703
litter_carbon,7,-0.04425463884945825,0.04425463884945825,0.018671196360225097,0.006069631874037863
litter_nitrogen,7,0.02384058149275825,0.02384058149275825,0.0026222280512947275,0.0007248192172951179
mortality_fraction_branch_delta,7,-0.029734256138972858,0.029734256138972858,0.026506772015200034,0.007819842909710557
mortality_fraction_croot_delta,7,-0.009183026890222115,0.009362792725225503,0.007702403105079344,0.002315918768253897
mortality_fraction_froot_delta,7,-0.0037052164484768376,0.003974924684140584,0.004345070220367274,0.0012326193716007702
mortality_fraction_leaf_delta,7,-0.005785880740859772,0.006041019135735537,0.006536568094152107,0.0017645284198726462
mortality_fraction_stem_delta,7,-0.041332273952423074,0.04476301840406483,0.04820138241933028,0.016240709032293445
pool_alloc_froot_sp1,7,-0.11074186400886392,0.13372236721714872,0.13713583265383222,0.034125116664770305
pool_alloc_leaf_sp1,7,-0.2445094956807643,0.2547712112065498,0.312646459377907,0.08726500725639062
pool_alloc_stem_sp1,7,1.0069008382150242,1.2535278193867283,1.1565311547795114,0.24665546386373638
pool_turnover_branch_sp1,7,0.45066943240645807,0.45066943240645807,0.21443292898988645,0.05423369102340085
pool_turnover_croot_sp1,7,-0.6673022907422624,0.6673022907422624,0.3019554165942443,0.10246821436530971
pool_turnover_froot_sp1,7,-0.27693066300499247,0.27693066300499247,0.1743317886848644,0.05525899482223664
pool_turnover_leaf_sp1,7,-0.22562120332231025,0.22562120332231025,0.14019524593721636,0.043414195232532246
pool_turnover_stem_sp1,7,14.19710805973321,14.19710805973321,7.951183233840298,2.2853626804229608
proj_cover,7,-5.222939846404856,5.222939846404856,8.702089065960141,2.77301119791395
proj_fire_off,7,0.03827633718179537,0.03827633718179537,0.08866578947612418,0.027751019787327837
proj_fire_on,7,0.4995777146816831,0.4995777146816831,0.07863265310629046,0.02450272603101073
proj_mortality,7,0.5336438258423855,0.5336438258423855,0.29819091927006885,0.08467667128996215
proj_thinning_delta,7,19.685237010473262,19.685237010473262,9.374300518454245,2.839582711362806
roth_c_cover_c,7,0.05323901315389875,0.07154105250844117,0.10602728933210151,0.031008422634772173
roth_c_dpm_frac_crop,7,-0.12094129750107978,0.12094129750107978,0.06410359471203762,0.021514250062536877
roth_c_dpm_frac_tree,7,0.033292745686676034,0.058112318203134006,0.10449526925771824,0.028418515980616805
roth_c_moisture_b_slope,7,-0.8412874688972355,0.931469416012613,2.4737785027048282,0.7084272831952658
roth_c_temp_a1,7,0.6894915439959979,0.6933354877663385,0.549879432737369,0.16203424772324865
roth_c_temp_a2,7,-1.5644674538721266,1.5816695221041672,1.1251545029337942,0.29156165223996966
thinning_fraction_branch_delta,7,-0.024284696297488494,0.024284696297488494,0.04486980862034172,0.013718514747237535
thinning_fraction_croot_delta,7,-0.009348492271252376,0.01000252855254317,0.0158129956135846,0.0052366506293311885
thinning_fraction_froot_delta,7,-0.002968490628488163,0.0033810745725926018,0.006886509798033315,0.0017891282107812569
thinning_fraction_leaf_delta,7,-0.004608612151631814,0.005921782838046891,0.009607013168219462,0.0028264398521885958
thinning_fraction_stem_delta,7,-0.02239230435020132,0.04727660395472326,0.07015391371588171,0.01634108870522925
tree_carbon_sp1,7,0.7202391364432223,1.756970363411226,1.9336458798323137,0.30603374679961687
tree_nitrogen_branch_sp1,7,0.002159221200872907,0.002159221200872907,0.0004763254112192985,0.00015616746527107007
tree_nitrogen_croot_sp1,7,0.0012959147350830203,0.0012959147350830203,0.0008432287466776503,0.00023733271563952817
tree_nitrogen_froot_sp1,7,0.03579732001662227,0.03579732001662227,0.010251859451338649,0.0032526688175997715
tree_nitrogen_leaf_sp1,7,0.054761606052035984,0.054761606052035984,0.01554093980839281,0.004603110986575877
tree_nitrogen_stem_sp1,7,0.006425751997454628,0.006425751997454628,0.002011425758367114,0.0005731403734033439
tree_root_in_top_30,7,-0.24141188581703282,0.25066798414856895,0.2662888933920883,0.07499783713675034
tree_root_to_shoot_sp1,7,0.13808843834467227,0.23542757168794623,0.24049393611199446,0.04161405864650075
cy0,8,-0.03713815115208736,0.5220693280362885,1.0314281150370088,0.25154831436621844
clay,8,-0.21198395740152048,0.21561208677317048,0.710707198966309,0.2104563187492928
temp_ci_delta,8,0.444442238835468,0.47343578933465985,0.4640440322839091,0.12860262561815844
rain_ci_delta,8,3.206013706996534,3.879068907104133,7.601709967515865,2.2040737173150817
evap_ci_delta,8,-1.0946961736009078,1.239883912467774,3.1408232521355366,0.9191057258926136
ef_burn_crop_N2O_scale,8,-0.003327603001722712,0.003472806325930916,0.0025192035771976515,0.0005980928663086619
ef_burn_crop_CH4_scale,8,-0.012543540146483867,0.012839927987751775,0.0095035286989892,0.002532641064243807
ef_burn_tree_N2O_scale,8,0.009809197557292704,0.009809197557292704,0.007024457240462751,0.0019579211943323623
ef_burn_tree_CH4_scale,8,0.036380489565427575,0.036380489565427575,0.02595678339195552,0.008390025125300874
ef_N_inputs,8,-0.03161714038541851,0.036996536108818895,0.03024140595349338,0.008035834290709526
combustion_factor_crop,8,-0.014493638588728961,0.015388645910984863,0.012609924446931464,0.003294075996257376
combustion_factor_tree,8,0.049945536273584876,0.049945536273584876,0.02951820539281421,0.009232198223560636
volatile_frac_organic_fertiliser,8,-0.00287542565097324,0.00287542565097324,0.00030556244209825124,8.220332913387204e-05
volatile_frac_synthetic_fertiliser,8,0.016297396888962996,0.016297396888962996,0.0016405654386364228,0.000505482820522552
base_sf_qty_scale,8,-0.12981374696526457,0.12981374696526457,0.011684697112334327,0.0038287183019436767
proj_lit_qty_scale,8,-0.019769029783348026,0.019955709481460672,0.026170168054574918,0.007747455888927126
base_stand_density_scale,8,0.0,0.0,0.0,0.0
proj_stand_density_scale,8,0.024462975607623883,1.1623020357405156,1.4903842922528039,0.2796288784248613
tree_wood_dens_sp1,8,0.17046619910657632,1.046339418141132,1.2955286300911664,0.2476656445743549
base_cover,8,0.4110293721927036,0.4110293721927036,0.7402030938065017,0.2459527750377237
base_fire_off,8,-0.024885313060658536,0.024885313060658536,0.08969221031413546,0.02347518591733373
base_fire_on,8,-0.03493285974000253,0.03493285974000253,0.005956144895642622,0.0018859905989435507
base_mortality,8,0.0,0.0,0.0,0.0
base_sf_n_delta,8,-0.13290163271820069,0.13290163271820069,0.013646164833617289,0.004551771405151826
base_thinning_delta,8,0.0,0.0,0.0,0.0
crop_base_left_delta,8,0.18836158297597144,0.18836158297597144,0.057837772033659474,0.017921947901606675
crop_base_yield_delta,8,0.11948334625980499,0.11948334625980499,0.06193086885693689,0.020228400314417763
crop_carbon_above_sp3,8,0.0022598513546926253,0.009538774304362533,0.016201585680327597,0.003766077415177783
crop_carbon_below_sp3,8,0.007840227343311195,0.013798238143066282,0.01871736462807156,0.004971778071293394
crop_intercept_sp3,8,-0.0002450816377760227,0.004159658244685774,0.006434464384185197,0.0015832773531508474
crop_nitrogen_above_sp3,8,-0.0013829849470183564,0.002082364054988872,0.0022678518451474407,0.0005020846647997223
crop_nitrogen_below_sp3,8,-0.003185169132260887,0.003185169132260887,0.0007438279445777041,0.00023880611581064874
crop_carbon_above_sp10,8,0.09751459483996644,0.09751459483996644,0.0321519564032746,0.010063540409786933
crop_carbon_below_sp10,8,0.039599356283342046,0.039599356283342046,0.014425384316019954,0.004386762782418574
crop_intercept_sp10,8,0.02661360164833625,0.02661360164833625,0.008303006893232755,0.0024274192020796535
crop_nitrogen_above_sp10,8,-0.007081677975078987,0.007081677975078987,0.0014323384656660058,0.00043741116246525627
crop_nitrogen_below_sp10,8,-0.004457407240105576,0.004457407240105576,0.0014506415250370068,0.00043335930573444375
crop_proj_left_delta,8,0.010386192621356061,0.02005228521191364,0.022804803781492196,0.0037797090969229246
crop_proj_yield_delta,8,0.1352419025299396,0.137906326453692,0.04783297172088675,0.010904976045605008
crop_root_in_top_30,8,0.04122427450249021,0.04381662987181244,0.027005619721758727,0.0072671142411373174
crop_root_to_shoot_sp3,8,0.009527800267571565,0.011298408501098815,0.015086360058594364,0.0038492441799037424
crop_slope_sp3,8,0.00240321979242942,0.004323126489136167,0.009585522352652136,0.002740901080312633
crop_root_to_shoot_sp10,8,0.037720578003408015,0.037720578003408015,0.013908174567384168,0.004423892959664412
crop_slope_sp10,8,0.06669101353683045,0.06669101353683045,0.028292591530230837,0.00840959941434583
cy0_to_ceq_multiplier,8,-0.004777537148169064,0.024228065928762497,0.09073988876669387,0.028199588158381576
litter_carbon,8,-0.040932077259983365,0.040932077259983365,0.01634664442723229,0.005306705069564917
litter_nitrogen,8,0.0238405814927586,0.0238405814927586,0.0026222280512943545,0.0007248192172950157
mortality_fraction_branch_delta,8,-0.02188472654491298,0.022521864591225606,0.024351478429167395,0.006917406160750688
mortality_fraction_croot_delta,8,-0.006180911215126939,0.006741517216697001,0.0068021782970606156,0.00191641115011088
mortality_fraction_froot_delta,8,-0.00232363955129915,0.0030016868959833686,0.003904717959831803,0.0010414402448712644
mortality_fraction_leaf_delta,8,-0.003830964782999785,0.004657127929062327,0.006221666098513764,0.0016014554900967983
mortality_fraction_stem_delta,8,-0.026834338006672048,0.03703280135690556,0.044187177818714285,0.012946698785808501
pool_alloc_froot_sp1,8,-0.07731397488568274,0.10643048563495765,0.12065040805023577,0.029277462246391595
pool_alloc_leaf_sp1,8,-0.1673756219437838,0.1995174713420368,0.28768841503028064,0.07542166970965779
pool_alloc_stem_sp1,8,0.9604895741756527,1.3432889489917175,1.2944087925538073,0.25239952568806084
pool_turnover_branch_sp1,8,0.5353811884444462,0.5353811884444462,0.2160373146574488,0.055994167192271654
pool_turnover_croot_sp1,8,-0.41254441116262497,0.41254441116262497,0.2787230709843232,0.09600434428318756
pool_turnover_froot_sp1,8,-0.16667207089709357,0.16667207089709357,0.13961550133409759,0.04531636921860947
pool_turnover_leaf_sp1,8,-0.1372992106777772,0.13791037455240346,0.11129353573173531,0.031685464130550525
pool_turnover_stem_sp1,8,16.48916078728493,16.48916078728493,8.694491380759171,2.5552201899958265
proj_cover,8,-4.312753155633891,4.31316311739425,7.433476174258083,2.3405354102199656
proj_fire_off,8,0.038276337181795336,0.038276337181795336,0.08866578947612394,0.02775101978732775
proj_fire_on,8,0.49730968685892885,0.49730968685892885,0.08890144817055488,0.028221549629751
proj_mortality,8,0.592526813039379,0.592526813039379,0.3163680893420585,0.09170162385763579
proj_thinning_delta,8,11.522212359823103,11.540283224395473,11.182346013641354,3.4020157701848563
roth_c_cover_c,8,0.041229231096477366,0.060393021654329325,0.09935784207367343,0.028831590148222532
roth_c_dpm_frac_crop,8,-0.07085925612412677,0.07085925612412677,0.05975620085458134,0.020273702539365206
roth_c_dpm_frac_tree,8,0.027222391948660378,0.05267251000416482,0.08934879671779125,0.023443003699150256
roth_c_moisture_b_slope,8,-0.7832334771752377,0.8859864731769808,2.401302850446549,0.6862783968340622
roth_c_temp_a1,8,0.4976915586010676,0.5286170985023828,0.574527817507264,0.16362107732800465
roth_c_temp_a2,8,-0.9836432030242964,1.0773297648682838,1.1901958583011647,0.2835850687224681
thinning_fraction_branch_delta,8,-0.1349883008502845,0.1349883008502845,0.12139015335558824,0.03388442957846933
thinning_fraction_croot_delta,8,-0.0581183550309749,0.0581183550309749,0.043398807701434255,0.013288475437830518
thinning_fraction_froot_delta,8,-0.02481492844624756,0.02481492844624756,0.023497657258452185,0.005821420839823717
thinning_fraction_leaf_delta,8,-0.03956729750875097,0.03956729750875097,0.03060615862921662,0.010012586560673371
thinning_fraction_stem_delta,8,-0.2601635763852949,0.2601635763852949,0.2514186038039788,0.07645448504462227
tree_carbon_sp1,8,0.008722656683748276,1.2415793398808694,1.6145584396275559,0.2881358525192517
tree_nitrogen_branch_sp1,8,0.0023718969662306355,0.0023718969662306355,0.0005654671728755151,0.00018037910937776278
tree_nitrogen_croot_sp1,8,0.0013277636019014937,0.0013277636019014937,0.000842558004848878,0.00023629942574114547
tree_nitrogen_froot_sp1,8,0.03419624936839248,0.03419624936839248,0.011458727720680285,0.0036324974024586456
tree_nitrogen_leaf_sp1,8,0.05241695598061452,0.05241695598061452,0.01762641270388706,0.005233729992398505
tree_nitrogen_stem_sp1,8,0.00631034018599808,0.00631034018599808,0.001666201815944623,0.0005165091523341377
tree_root_in_top_30,8,-0.2006961627884231,0.21259001212547815,0.24228190786183568,0.06774053210174576
tree_root_to_shoot_sp1,8,0.02771329244832384,0.14023933870277175,0.19001024847984704,0.03579809026637453
cy0,9,-0.03365018167442898,0.4944792188297571,0.9860501734362447,0.2418813885718
clay,9,-0.16306968700546218,0.1734915047691193,0.5636485378801022,0.16465393970873488
temp_ci_delta,9,0.32510252879055057,0.38506606588734493,0.4820555390609067,0.1320143689581592
rain_ci_delta,9,2.490934487540226,3.2728511205410875,6.712064232490871,1.905945173415431
evap_ci_delta,9,-0.834832149936404,0.9796464151357084,2.537420824727124,0.7384579685258118
ef_burn_crop_N2O_scale,9,-0.003327603001722809,0.0034728063259309465,0.0025192035771980145,0.0005980928663087858
ef_burn_crop_CH4_scale,9,-0.012543540146483961,0.012839927987751737,0.009503528698988961,0.00253264106424387
ef_burn_tree_N2O_scale,9,0.008729086103203453,0.008729086103203453,0.006325661690449213,0.0017862522654842098
ef_burn_tree_CH4_scale,9,0.033162176879270325,0.033162176879270325,0.024231985822965384,0.007755078305731753
ef_N_inputs,9,-0.03727187898386767,0.04329702475031581,0.03403923124182587,0.009035647024997514
combustion_factor_crop,9,-0.014493638588728864,0.015388645910984867,0.01260992444693148,0.003294075996257309
combustion_factor_tree,9,0.0448832405435443,0.0448832405435443,0.027327416567194625,0.008239688240380126
volatile_frac_organic_fertiliser,9,-0.0028754256509735824,0.0028754256509735824,0.0003055624420976588,8.220332913373621e-05
volatile_frac_synthetic_fertiliser,9,0.016297396888963037,0.016297396888963037,0.0016405654386362554,0.0005054828205225276
base_sf_qty_scale,9,-0.12981374696526438,0.12981374696526438,0.011684697112334528,0.0038287183019437964
proj_lit_qty_scale,9,-0.016396986919804412,0.01680084557678827,0.02329875066936785,0.006902861698176605
base_stand_density_scale,9,0.0,0.0,0.0,0.0
proj_stand_density_scale,9,0.3375476078485219,1.2473589729667716,1.4707137940272277,0.23587776200284355
tree_wood_dens_sp1,9,0.5114891399404192,1.1624689450747003,1.2550374464445484,0.18411295604681302
base_cover,9,0.38243813815553107,0.38243813815553107,0.6911379035918719,0.2290712343128926
base_fire_off,9,-0.02488531306065852,0.02488531306065852,0.0896922103141354,0.023475185917333708
base_fire_on,9,-0.03493285974000271,0.03493285974000271,0.005956144895642594,0.0018859905989435132
base_mortality,9,0.0,0.0,0.0,0.0
base_sf_n_delta,9,-0.13290163271820082,0.13290163271820082,0.013646164833617202,0.004551771405151799
base_thinning_delta,9,0.0,0.0,0.0,0.0
crop_base_left_delta,9,0.17913598836504788,0.17913598836504788,0.05369938353480311,0.01655378539329234
crop_base_yield_delta,9,0.10850028749411345,0.10850028749411345,0.0592478426269067,0.019341798443288965
crop_carbon_above_sp3,9,0.0021426010425263263,0.008887926400801572,0.015027772352388061,0.0034745363684481503
crop_carbon_below_sp3,9,0.0075935132475160125,0.013036116152844755,0.0173519788375796,0.004597385354142027
crop_intercept_sp3,9,-0.0002663710585447926,0.003829338951122882,0.005848107481212626,0.00142336614982387
crop_nitrogen_above_sp3,9,-0.0013829849470182649,0.0020823640549890304,0.002267851845147407,0.0005020846647996405
crop_nitrogen_below_sp3,9,-0.0031851691322613202,0.0031851691322613202,0.0007438279445784456,0.00023880611581081554
crop_carbon_above_sp10,9,0.08120326810613498,0.08120326810613498,0.030634796193059376,0.009739795624279093
crop_carbon_below_sp10,9,0.033067368713235276,0.033067368713235276,0.013482696090828314,0.004065363055842188
crop_intercept_sp10,9,0.02120891709734329,0.02120891709734329,0.008135412496866022,0.0023239310092217757
crop_nitrogen_above_sp10,9,-0.0070816779750792706,0.0070816779750792706,0.00143233846566595,0.0004374111624652182
crop_nitrogen_below_sp10,9,-0.0044574072401057764,0.0044574072401057764,0.001450641525036924,0.0004333593057344283
crop_proj_left_delta,9,-0.010821555469995556,0.015019362858025857,0.018937662773616054,0.004422733622401531
crop_proj_yield_delta,9,0.11793387360766502,0.12237126417151459,0.04684575764579085,0.009360947393124971
crop_root_in_top_30,9,0.03396484808064952,0.0364359328751649,0.0245231173149869,0.0066379611610299216
crop_root_to_shoot_sp3,9,0.008733115206789599,0.010335581117682202,0.013723544064662318,0.003498039735614937
crop_slope_sp3,9,0.0020796030946467286,0.004063135332973625,0.009004207724996586,0.0025813245875182965
crop_root_to_shoot_sp10,9,0.03056482663437411,0.03056482663437411,0.01267246243271473,0.004015055881202733
crop_slope_sp10,9,0.05156078445129773,0.05156078445129773,0.02658272069382864,0.00794144872319793
cy0_to_ceq_multiplier,9,-0.004343282627518705,0.021280336518244534,0.08179655720286783,0.025535675943761514
litter_carbon,9,-0.03830601704225509,0.03830601704225509,0.014388168033824375,0.004660628254777116
litter_nitrogen,9,0.023840581492758268,0.023840581492758268,0.002622228051294195,0.0007248192172949569
mortality_fraction_branch_delta,9,-0.019111613838712693,0.01997977741015531,0.021615223386490082,0.005967299218304127
mortality_fraction_croot_delta,9,-0.005238730714971782,0.005899327608630875,0.006074007842911358,0.0016647731171398404
mortality_fraction_froot_delta,9,-0.001960728629895786,0.0026139273113898577,0.0034771902600286096,0.0009135454414450756
mortality_fraction_leaf_delta,9,-0.0033167980370903223,0.004209526402403167,0.0056998895425862985,0.0014447141662024387
mortality_fraction_stem_delta,9,-0.023132045251736188,0.03351642284707587,0.04064072547058772,0.01138401480931087
pool_alloc_froot_sp1,9,-0.04494449682159051,0.08746848572359447,0.11115284340247687,0.025179478023946548
pool_alloc_leaf_sp1,9,-0.11744081376723774,0.17845145048362693,0.2669162886425084,0.06233684468566242
pool_alloc_stem_sp1,9,0.8672807384914016,1.2041720634919357,1.2025447944951144,0.2388278923763205
pool_turnover_branch_sp1,9,0.4987804855286366,0.4987804855286366,0.2472121781862592,0.06312750843664307
pool_turnover_croot_sp1,9,-0.35594373632875737,0.35594373632875737,0.243516969206961,0.084306772320552
pool_turnover_froot_sp1,9,-0.1426551564170801,0.1428800951426034,0.11825841507006246,0.038186111278128154
pool_turnover_leaf_sp1,9,-0.11569954239381483,0.11717459710984782,0.09042919092401792,0.024842807452895306
pool_turnover_stem_sp1,9,14.675443848607696,14.675443848607696,9.719355295288109,2.831345962727517
proj_cover,9,-3.425976990704508,3.4291383193806793,6.197338592768833,1.9308283610387147
proj_fire_off,9,0.038276337181795204,0.038276337181795204,0.08866578947612387,0.027751019787327805
proj_fire_on,9,0.4503985372094049,0.4503985372094049,0.09796727456345823,0.030368438292225037
proj_mortality,9,0.557192149775798,0.557192149775798,0.36729275166702363,0.10582263967104823
proj_thinning_delta,9,14.099007673947446,14.099007673947446,10.859470513169894,3.3182861081036714
roth_c_cover_c,9,0.030516475915496093,0.05104297939799603,0.09086513114251007,0.026107996018626324
roth_c_dpm_frac_crop,9,-0.04460820886165271,0.04460820886165271,0.053126142208555646,0.0179667130576059
roth_c_dpm_frac_tree,9,-0.003967308394323821,0.0615006301782149,0.08653577318993494,0.017861405118389517
roth_c_moisture_b_slope,9,-0.7056201875620707,0.8234501830908819,2.2590608328836734,0.6427302386061916
roth_c_temp_a1,9,0.3385873849679834,0.4148600256206884,0.5906890179968336,0.16569593607664926
roth_c_temp_a2,9,-0.5434564475494795,0.8017240915827497,1.176627740578483,0.2562904642537542
thinning_fraction_branch_delta,9,0.03609847475033507,0.0423969854056855,0.04565304243840031,0.01225950125812464
thinning_fraction_croot_delta,9,0.018033089060380928,0.019453462772637844,0.015292951752775763,0.003872652346145639
thinning_fraction_froot_delta,9,0.00852546378027803,0.009180494044435304,0.00901161116080652,0.0025966693141029483
thinning_fraction_leaf_delta,9,0.01639533947791335,0.01681111684437274,0.012985597862189238,0.004063770295489116
thinning_fraction_stem_delta,9,0.1089976574699183,0.1089976574699183,0.07994582268795712,0.02135993709056686
tree_carbon_sp1,9,0.32591802685310134,1.308237930310405,1.6253539752135533,0.2849596565515852
tree_nitrogen_branch_sp1,9,0.0019763025868149847,0.0019763025868149847,0.000388973086630838,0.00012123946945408899
tree_nitrogen_croot_sp1,9,0.0011862243453667181,0.0011862243453667181,0.0008810024950237014,0.000249020743908595
tree_nitrogen_froot_sp1,9,0.03259614229229156,0.03259614229229156,0.012651440410409564,0.004007559704346838
tree_nitrogen_leaf_sp1,9,0.050265763154645315,0.050265763154645315,0.01967972452445856,0.005868767651777154
tree_nitrogen_stem_sp1,9,0.005354184570632173,0.005354184570632173,0.0015874045618166177,0.0004890847316944932
tree_root_in_top_30,9,-0.1293322669785349,0.1661457430470619,0.2208029213086543,0.05833582387676486
tree_root_to_shoot_sp1,9,0.053046593278889095,0.15877439846042887,0.19411777050695506,0.033128443849764995
cy0,10,-0.031117696803371387,0.4670202653232122,0.9407880832271996,0.2321885321905542
clay,10,-0.12335773797135116,0.14903321120075508,0.44725344718547955,0.12955520434641904
temp_ci_delta,10,0.24119400245034334,0.3395013737273652,0.47864563395268817,0.1274127649415077
rain_ci_delta,10,1.9101502158662829,2.74339303863343,5.974891914697575,1.6777608693806985
evap_ci_delta,10,-0.611212459632631,0.7555982958871807,2.010411582163251,0.5744720357119152
ef_burn_crop_N2O_scale,10,-0.0033276030017228924,0.0034728063259310466,0.002519203577197791,0.0005980928663087326
ef_burn_crop_CH4_scale,10,-0.012543540146483637,0.012839927987751479,0.00950352869898905,0.0025326410642438502
ef_burn_tree_N2O_scale,10,0.008321110426029194,0.008321110426029194,0.0061118288530026925,0.0017313892185206801
ef_burn_tree_CH4_scale,10,0.03185260908023272,0.03185260908023272,0.02340923266174744,0.007409668268267062
ef_N_inputs,10,-0.040225672053512046,0.04750411753442852,0.03737732323632959,0.00960918690667406
combustion_factor_crop,10,-0.014493638588729074,0.015388645910984943,0.01260992444693136,0.003294075996257317
combustion_factor_tree,10,0.04300950715339921,0.04300950715339921,0.026968862563388776,0.008032036577291504
volatile_frac_organic_fertiliser,10,-0.0028754256509736322,0.0028754256509736322,0.00030556244209817735,8.220332913384362e-05
volatile_frac_synthetic_fertiliser,10,0.016297396888962694,0.016297396888962694,0.0016405654386363706,0.000505482820522534
base_sf_qty_scale,10,-0.12981374696526457,0.12981374696526457,0.011684697112334401,0.0038287183019437344
proj_lit_qty_scale,10,-0.013567001630086468,0.01427438183435264,0.02091104031058767,0.006186109740739292
base_stand_density_scale,10,0.0,0.0,0.0,0.0
proj_stand_density_scale,10,0.7705420171382122,1.4526426882426438,1.4635034070080324,0.2242746661891808
tree_wood_dens_sp1,10,0.9645366544450873,1.4321966056642044,1.2818381786705833,0.18700162362933298
base_cover,10,0.35752824282257695,0.35752824282257695,0.6492842162235071,0.21465076355529547
base_fire_off,10,-0.024885313060658488,0.024885313060658488,0.08969221031413527,0.02347518591733367
base_fire_on,10,-0.03493285974000271,0.03493285974000271,0.005956144895642401,0.0018859905989434763
base_mortality,10,0.0,0.0,0.0,0.0
base_sf_n_delta,10,-0.1329016327182005,0.1329016327182005,0.013646164833617165,0.004551771405151746
base_thinning_delta,10,0.0,0.0,0.0,0.0
crop_base_left_delta,10,0.17106938645052136,0.17106938645052136,0.05025500832667685,0.01541943286126393
crop_base_yield_delta,10,0.098869813547037,0.098869813547037,0.057243798107983974,0.018660080981002566
crop_carbon_above_sp3,10,0.0020511544162856886,0.008336120906849303,0.014023044656101028,0.003228756995445598
crop_carbon_below_sp3,10,0.007378909560125482,0.012397655192409466,0.01627239191729495,0.004304653549637843
crop_intercept_sp3,10,-0.000288307947258723,0.003563665643575795,0.005382471743131768,0.0012955520217801887
crop_nitrogen_above_sp3,10,-0.001382984947018198,0.002082364054988947,0.0022678518451470105,0.0005020846647996215
crop_nitrogen_below_sp3,10,-0.0031851691322608206,0.0031851691322608206,0.000743827944577733,0.00023880611581060982
crop_carbon_above_sp10,10,0.07156055288707716,0.07156055288707716,0.028553809029754587,0.009176483157359264
crop_carbon_below_sp10,10,0.029217784092064752,0.029217784092064752,0.012578504147110516,0.0037858505393595027
crop_intercept_sp10,10,0.018158040367825635,0.018158040367825635,0.007855299797415177,0.002215528329001327
crop_nitrogen_above_sp10,10,-0.0070816779750791205,0.0070816779750791205,0.0014323384656657777,0.0004374111624651415
crop_nitrogen_below_sp10,10,-0.004457407240105576,0.004457407240105576,0.0014506415250374071,0.00043335930573456713
crop_proj_left_delta,10,-0.020628915246324674,0.02201215906945756,0.018033425224106375,0.004790114597763084
crop_proj_yield_delta,10,0.1110611365789406,0.11603119874511987,0.04726317762591645,0.00935241812915986
crop_root_in_top_30,10,0.029528583724486756,0.03188037229159898,0.022616592094450175,0.006115465940279094
crop_root_to_shoot_sp3,10,0.008071964835293294,0.009542453982720628,0.012666323452398754,0.003226157637906495
crop_slope_sp3,10,0.0017857287499031844,0.0038393750714886626,0.008488471665380344,0.002440196090877045
crop_root_to_shoot_sp10,10,0.026322530588086562,0.026322530588086562,0.011449535062773528,0.003618891586722375
crop_slope_sp10,10,0.042746224385424934,0.042746224385424934,0.024580737656942818,0.007372166185585219
cy0_to_ceq_multiplier,10,-0.003912895933946797,0.018774871898025253,0.07357456362276268,0.023069416452189913
litter_carbon,10,-0.036105770229885495,0.036105770229885495,0.012765219343433677,0.0041241024333849375
litter_nitrogen,10,0.0238405814927583,0.0238405814927583,0.0026222280512940826,0.0007248192172949
mortality_fraction_branch_delta,10,-0.016729070337864083,0.017816082006581337,0.019458111034407168,0.005206871438872442
mortality_fraction_croot_delta,10,-0.004501708080395678,0.005196027598718828,0.005625652139157385,0.0015400142916824778
mortality_fraction_froot_delta,10,-0.0016599332369832353,0.0022971437723922515,0.003204840819545496,0.000832836298236117
mortality_fraction_leaf_delta,10,-0.0029046281455562596,0.003840555843468879,0.005320617895277337,0.0013388417350623809
mortality_fraction_stem_delta,10,-0.02033443774089084,0.030519787247658477,0.03839025242665378,0.010403156305053117
pool_alloc_froot_sp1,10,-0.027454687176161126,0.07651115808428179,0.10280147934253508,0.02282707008682298
pool_alloc_leaf_sp1,10,-0.09836678484845007,0.1618886876774593,0.24601709020068033,0.05460273935203332
pool_alloc_stem_sp1,10,0.7578059115568365,0.9868977325378143,1.0615195234798864,0.22877084937748587
pool_turnover_branch_sp1,10,0.40710668043708453,0.4073350913755248,0.29257890723225555,0.0731098785497606
pool_turnover_croot_sp1,10,-0.38512442655142687,0.38512442655142687,0.21854024106401027,0.07434943177330984
pool_turnover_froot_sp1,10,-0.1566890410573517,0.1566890410573517,0.11008962351120131,0.034706010597943274
pool_turnover_leaf_sp1,10,-0.12079998736709449,0.12174573339254198,0.08089033398341959,0.022741291275401265
pool_turnover_stem_sp1,10,11.294798731844873,11.553158241027313,10.500431984417078,2.9342811026963096
proj_cover,10,-2.6710762721527486,2.6779391907932166,5.150997083346433,1.585721856698945
proj_fire_off,10,0.038276337181795475,0.038276337181795475,0.08866578947612415,0.027751019787327812
proj_fire_on,10,0.43472397960018283,0.43472397960018283,0.10848791948850105,0.03377297608235446
proj_mortality,10,0.4809804680243839,0.48716675328288594,0.4317198663714524,0.12068120396379252
proj_thinning_delta,10,17.443727905325698,17.443727905325698,11.042169346906638,3.3737901531127896
roth_c_cover_c,10,0.022764653991144405,0.045425200632971244,0.08198305348683885,0.023192846157069725
roth_c_dpm_frac_crop,10,-0.03046888684856195,0.03046888684856195,0.046183260016453995,0.015476406379580422
roth_c_dpm_frac_tree,10,-0.003883830231591634,0.052570974652940326,0.07392169411651497,0.015345465442497725
roth_c_moisture_b_slope,10,-0.6228877285872614,0.750797142600146,2.076405698706959,0.5885120482587538
roth_c_temp_a1,10,0.23611442197847604,0.373694111111284,0.5939820083918337,0.16605766023635296
roth_c_temp_a2,10,-0.26919406639155485,0.7378613450224822,1.1196729063992428,0.22100296387366256
thinning_fraction_branch_delta,10,0.016389991461969178,0.02079042273670728,0.023991250300068587,0.006513831672262201
thinning_fraction_croot_delta,10,0.008538669060204252,0.009352750741661985,0.00862334905874275,0.0023596689232560546
thinning_fraction_froot_delta,10,0.004376437211756544,0.005019269568424835,0.005378926705145964,0.0014855848788970852
thinning_fraction_leaf_delta,10,0.008171914039897943,0.00828316302364136,0.007321968880626813,0.0023107056637095705
thinning_fraction_stem_delta,10,0.054768816809267706,0.054768816809267706,0.04867329147278378,0.014040191324283835
tree_carbon_sp1,10,0.7280791865032545,1.607478775072315,1.725520114918872,0.2688711994119214
tree_nitrogen_branch_sp1,10,0.00191645742421655,0.00191645742421655,0.00038670636812861576,0.00011579411810042053
tree_nitrogen_croot_sp1,10,0.0011529291723904988,0.0011529291723904988,0.0009108740042433155,0.0002582437142402859
tree_nitrogen_froot_sp1,10,0.031685744751147896,0.031685744751147896,0.0137144858404511,0.0043483380377962
tree_nitrogen_leaf_sp1,10,0.04902082670933084,0.04902082670933084,0.021605375898464247,0.006450551233195961
tree_nitrogen_stem_sp1,10,0.004990043168331276,0.004990043168331276,0.0015001464275384143,0.0004772735542096608
tree_root_in_top_30,10,-0.11807219631376412,0.15088461265961556,0.20025213021470972,0.052544437827686086
tree_root_to_shoot_sp1,10,0.11255914264711234,0.20566972482601936,0.21609869755766767,0.03684872114043702
cy0,11,-0.029350308518112617,0.4398105402263828,0.8955089836140768,0.22236863496931256
clay,11,-0.09645537564121894,0.1254363984293644,0.35458045388772447,0.10181735761634537
temp_ci_delta,11,0.224263251268264,0.31668145711314777,0.4460175798445288,0.11762541971821068
rain_ci_delta,11,1.554905807876707,2.4351688146777493,5.402718599603569,1.527054772639796
evap_ci_delta,11,-0.4568225449205018,0.5976180378849697,1.5934869760520947,0.4431171142684329
ef_burn_crop_N2O_scale,11,-0.003327603001722345,0.0034728063259305613,0.002519203577197525,0.0005980928663085651
ef_burn_crop_CH4_scale,11,-0.0125435401464839,0.012839927987751742,0.00950352869898922,0.002532641064244009
ef_burn_tree_N2O_scale,11,0.008274553717754572,0.008274553717754572,0.006137639975632464,0.0017299353433512842
ef_burn_tree_CH4_scale,11,0.031583833232574396,0.031583833232574396,0.023031971822482223,0.007210860588932601
ef_N_inputs,11,-0.04272088415102273,0.051324250553616335,0.04063880411453355,0.010139034903217376
combustion_factor_crop,11,-0.0144936385887288,0.015388645910984702,0.012609924446931365,0.0032940759962573844
combustion_factor_tree,11,0.04286283604311954,0.04286283604311954,0.02748164723415169,0.008194339408106564
volatile_frac_organic_fertiliser,11,-0.0028754256509734696,0.0028754256509734696,0.00030556244209801705,8.220332913375267e-05
volatile_frac_synthetic_fertiliser,11,0.01629739688896282,0.01629739688896282,0.001640565438636397,0.0005054828205225707
base_sf_qty_scale,11,-0.1298137469652645,0.1298137469652645,0.011684697112334514,0.0038287183019437895
proj_lit_qty_scale,11,-0.011123788083428463,0.012355874671798415,0.018942432284852193,0.0055725108864842195
base_stand_density_scale,11,0.0,0.0,0.0,0.0
proj_stand_density_scale,11,0.08162754165352563,1.0191979067787964,1.3102028270111241,0.2533115656426961
tree_wood_dens_sp1,11,0.2662191005246219,0.9301997115695734,1.1067649239548532,0.1930730804086615
base_cover,11,0.33553585744951253,0.33553585744951253,0.6131347988246211,0.20221184536355194
base_fire_off,11,-0.024885313060658505,0.024885313060658505,0.08969221031413536,0.023475185917333705
base_fire_on,11,-0.03493285974000298,0.03493285974000298,0.00595614489564319,0.001885990598943694
base_mortality,11,0.0,0.0,0.0,0.0
base_sf_n_delta,11,-0.13290163271820082,0.13290163271820082,0.013646164833617358,0.004551771405151811
base_thinning_delta,11,0.0,0.0,0.0,0.0
crop_base_left_delta,11,0.16382218861182762,0.16382218861182762,0.04741548975607218,0.014491842048436687
crop_base_yield_delta,11,0.09012394329752864,0.09012394329752864,0.055646234961671495,0.01810296398492414
crop_carbon_above_sp3,11,0.001974517320977373,0.007864514958443956,0.01316428175313637,0.003022372618788404
crop_carbon_below_sp3,11,0.00717604658842087,0.011849597576923266,0.015428186555005967,0.0040797333799828415
crop_intercept_sp3,11,-0.0003090116173671234,0.003348434131980578,0.005013980052531552,0.0011945826505402898
crop_nitrogen_above_sp3,11,-0.0013829849470186144,0.0020823640549889806,0.002267851845147154,0.0005020846647997482
crop_nitrogen_below_sp3,11,-0.0031851691322607165,0.0031851691322607165,0.000743827944578204,0.000238806115810817
crop_carbon_above_sp10,11,0.06517272540881078,0.06517272540881078,0.02646380675798054,0.008566361042477919
crop_carbon_below_sp10,11,0.0266699869937838,0.0266699869937838,0.011768642064098299,0.0035487871831527177
crop_intercept_sp10,11,0.016232511400305245,0.016232511400305245,0.0075522794025020485,0.002111208673746455
crop_nitrogen_above_sp10,11,-0.007081677975079024,0.007081677975079024,0.001432338465665869,0.0004374111624651867
crop_nitrogen_below_sp10,11,-0.004457407240105747,0.004457407240105747,0.0014506415250371753,0.0004333593057344796
crop_proj_left_delta,11,-0.025080028403375376,0.02594469395002557,0.01823145722067554,0.005072950063000959
crop_proj_yield_delta,11,0.10908916990667979,0.11407017749655975,0.047881203834966836,0.009694053659653807
crop_root_in_top_30,11,0.026537525920010713,0.028780685330825402,0.02113071881882019,0.005695803761769559
crop_root_to_shoot_sp3,11,0.007510669915556526,0.00887984542857069,0.011856662238159503,0.0030201275143441693
crop_slope_sp3,11,0.001515577682179825,0.003653302895768934,0.008031560453203673,0.0023140563062092434
crop_root_to_shoot_sp10,11,0.02353309594185894,0.02353309594185894,0.010401342971893462,0.0032826231068526514
crop_slope_sp10,11,0.037017145690605976,0.037017145690605976,0.022689114294494085,0.006826348361310318
cy0_to_ceq_multiplier,11,-0.003508987053853502,0.016626805921889948,0.06617037425847819,0.020835829697079228
litter_carbon,11,-0.03418773620140218,0.03418773620140218,0.011435970428184776,0.0036844356058450775
litter_nitrogen,11,0.023840581492758185,0.023840581492758185,0.002622228051293949,0.0007248192172949329
mortality_fraction_branch_delta,11,-0.0125507134558975,0.014782850005092685,0.018229206096148084,0.004570630681556248
mortality_fraction_croot_delta,11,-0.0031233350011876993,0.004247893740023068,0.005401312892293624,0.0014254499621845407
mortality_fraction_froot_delta,11,-0.0010383461820973063,0.0019749415639958925,0.0030820642809791074,0.0007603684381764572
mortality_fraction_leaf_delta,11,-0.002042522853442355,0.0035074367362683684,0.0051891362889833065,0.0012333598760216019
mortality_fraction_stem_delta,11,-0.014186309481138002,0.02685736716585318,0.036064898587139495,0.009087912836265843
pool_alloc_froot_sp1,11,-0.02317325586383301,0.0692219155273542,0.09581142437489948,0.02194652853477366
pool_alloc_leaf_sp1,11,-0.07486903578550513,0.14956584042588877,0.23463406392870131,0.04956445984130385
pool_alloc_stem_sp1,11,0.7432139174799485,1.113809357949052,1.1838648965398397,0.2306941748120818
pool_turnover_branch_sp1,11,0.5113856683084803,0.5113856683084803,0.2815121360207318,0.07214224089091546
pool_turnover_croot_sp1,11,-0.23486922032202565,0.23929029721303324,0.21449796389803524,0.07100896456126833
pool_turnover_froot_sp1,11,-0.0884732093107713,0.09000699665785009,0.08811903529543824,0.0277871663638599
pool_turnover_leaf_sp1,11,-0.06891847908117636,0.07404052460485797,0.06629605134384677,0.01645284364590235
pool_turnover_stem_sp1,11,14.32706649770335,14.351604703428126,11.13164464438328,3.26643189651685
proj_cover,11,-2.1849728572474043,2.18886188630278,4.401532936943924,1.3185358033236703
proj_fire_off,11,0.03827633718179544,0.03827633718179544,0.08866578947612408,0.027751019787327795
proj_fire_on,11,0.4374332528198307,0.4374332528198307,0.123115953082076,0.03876994471278237
proj_mortality,11,0.5626568862272501,0.5628764548697698,0.4423065028935958,0.1291396682618399
proj_thinning_delta,11,11.007723183692821,11.03118491990348,11.898716674351427,3.6494658047803705
roth_c_cover_c,11,0.02002357376383056,0.04088874527274337,0.07330521501359429,0.020648741483324854
roth_c_dpm_frac_crop,11,-0.02240619808417067,0.02240619808417067,0.03980205366827178,0.013189397936641593
roth_c_dpm_frac_tree,11,0.005430385550224198,0.0383183507383157,0.06025562412063776,0.013954666538665445
roth_c_moisture_b_slope,11,-0.549592620608864,0.6726297482522386,1.8712333470997873,0.5298073547952629
roth_c_temp_a1,11,0.23357589430248388,0.3668519092007904,0.5723043721839207,0.1580519691571168
roth_c_temp_a2,11,-0.24551775096173967,0.679568518374905,0.9977107771661587,0.19355637899997089
thinning_fraction_branch_delta,11,-0.09352446732405842,0.09352446732405842,0.08807431609884085,0.024562790297577127
thinning_fraction_croot_delta,11,-0.03882462042836279,0.03899277154940437,0.03376522770486398,0.010146256614989477
thinning_fraction_froot_delta,11,-0.01687315953004892,0.01687315953004892,0.017819743866262224,0.004411942558708467
thinning_fraction_leaf_delta,11,-0.026108460442119324,0.026108460442119324,0.023169259870812732,0.007763442817054557
thinning_fraction_stem_delta,11,-0.17705527238446234,0.180930124063869,0.22740600633987718,0.07091249359569451
tree_carbon_sp1,11,0.05601930802573345,1.077839701903626,1.484809301913933,0.2861669886377089
tree_nitrogen_branch_sp1,11,0.0020938171632238433,0.0020938171632238433,0.00045204718744752047,0.0001320696412039215
tree_nitrogen_croot_sp1,11,0.0011875087439001647,0.0011875087439001647,0.0009315749765469527,0.00026286464465482553
tree_nitrogen_froot_sp1,11,0.030643814032475715,0.030643814032475715,0.014711760731368404,0.004654609732985306
tree_nitrogen_leaf_sp1,11,0.04745199877443702,0.04745199877443702,0.023425364972122484,0.007002747902075959
tree_nitrogen_stem_sp1,11,0.004996915569850333,0.004996915569850333,0.0014129913698086084,0.0004744404076227216
tree_root_in_top_30,11,-0.11460760831830066,0.1412396059938829,0.18625315041668133,0.04918975565228111
tree_root_to_shoot_sp1,11,0.015466594404768653,0.12801437036943233,0.18100784764366604,0.035083263150097126
cy0,12,-0.028164904113234628,0.4130319645537921,0.8504180118553171,0.21244634066788295
clay,12,-0.07028137934854425,0.10191618651933358,0.2815037046365178,0.08039364700388636
temp_ci_delta,12,0.17801527074936918,0.28951531443777767,0.41746352877550974,0.10599996662948825
rain_ci_delta,12,1.1948883124081449,2.1338432310590343,4.898244351353774,1.4002639799598706
evap_ci_delta,12,-0.3069017247090921,0.45578862151803323,1.2313632136918906,0.32542875524420756
ef_burn_crop_N2O_scale,12,-0.00363878812426128,0.003751511874069499,0.0025092708253812075,0.0005998161336373251
ef_burn_crop_CH4_scale,12,-0.013689076860133367,0.013890070420817672,0.00949942349689742,0.002588563420947331
ef_burn_tree_N2O_scale,12,0.007486867352754625,0.007486867352754625,0.00575223093092257,0.0016525613322748275
ef_burn_tree_CH4_scale,12,0.029215146036788354,0.029215146036788354,0.02217399440439723,0.006878466940680334
ef_N_inputs,12,-0.05114476044202384,0.05953860491365748,0.0436017938323151,0.01093863978602014
combustion_factor_crop,12,-0.01590796550925283,0.016494808245057613,0.012651134309523079,0.0034032416469158226
combustion_factor_tree,12,0.03921676960680413,0.03921676960680413,0.026730593274675293,0.007777933372988557
volatile_frac_organic_fertiliser,12,-0.0028754256509736552,0.0028754256509736552,0.0003055624420978763,8.2203329133735e-05
volatile_frac_synthetic_fertiliser,12,0.01629739688896293,0.01629739688896293,0.001640565438636458,0.0005054828205225921
base_sf_qty_scale,12,-0.12981374696526454,0.12981374696526454,0.0116846971123343,0.003828718301943706
proj_lit_qty_scale,12,-0.008973078484513019,0.011012434976782027,0.017328282865488705,0.00503796709514694
base_stand_density_scale,12,0.0,0.0,0.0,0.0
proj_stand_density_scale,12,0.28994053050175034,1.0686975574416884,1.278628504281775,0.22015729258608244
tree_wood_dens_sp1,12,0.4859352657662551,1.0357405858333055,1.0903271296114172,0.1604234814143232
base_cover,12,0.31592771327453245,0.31592771327453245,0.5815854927385914,0.1913901788972131
base_fire_off,12,-0.02488531306065852,0.02488531306065852,0.0896922103141354,0.023475185917333708
base_fire_on,12,-0.03493285974000282,0.03493285974000282,0.005956144895642949,0.0018859905989436197
base_mortality,12,0.0,0.0,0.0,0.0
base_sf_n_delta,12,-0.13290163271820074,0.13290163271820074,0.013646164833617275,0.004551771405151826
base_thinning_delta,12,0.0,0.0,0.0,0.0
crop_base_left_delta,12,0.15719766095085141,0.15719766095085141,0.045092816148440996,0.01374236454573809
crop_base_yield_delta,12,0.08201373313864886,0.08201373313864886,0.05430122749214306,0.017624907421998622
crop_carbon_above_sp3,12,0.014541776346436792,0.016696704688598324,0.010929063971812883,0.0021836270156340575
crop_carbon_below_sp3,12,0.045065509133635835,0.045065509133635835,0.012631780699888259,0.0038874097388225865
crop_intercept_sp3,12,-0.00032642434688112123,0.0031736714823995204,0.004721923809573888,0.0011143555383764958
crop_nitrogen_above_sp3,12,-0.002787944538039047,0.0029218895374225977,0.002133191177484647,0.0006244334717796577
crop_nitrogen_below_sp3,12,-0.006290349959597699,0.006290349959597699,0.0010248475026810337,0.0003213931329965942
crop_carbon_above_sp10,12,0.06047912462055989,0.06047912462055989,0.024573901635899613,0.007989766283177763
crop_carbon_below_sp10,12,0.024795173607254105,0.024795173607254105,0.011063750676049582,0.0033494415107470925
crop_intercept_sp10,12,0.014868848379970639,0.014868848379970639,0.007277471755026313,0.0020199027696439563
crop_nitrogen_above_sp10,12,-0.007081677975079091,0.007081677975079091,0.001432338465665795,0.00043741116246518927
crop_nitrogen_below_sp10,12,-0.004457407240105722,0.004457407240105722,0.0014506415250370428,0.0004333593057344812
crop_proj_left_delta,12,-0.0032299242509055553,0.012106282945662914,0.01640388807571822,0.00326370648897951
crop_proj_yield_delta,12,0.10946072418026917,0.11423752915787884,0.0484505217671685,0.010061685280256418
crop_root_in_top_30,12,0.05879878414729506,0.05879878414729506,0.020234948697185,0.0062731065768028725
crop_root_to_shoot_sp3,12,0.040367205967838146,0.040367205967838146,0.012001548824929487,0.003182939845752901
crop_slope_sp3,12,0.013845899102895376,0.013845899102895376,0.0071635209563679515,0.002194049304704606
crop_root_to_shoot_sp10,12,0.02151056118132228,0.02151056118132228,0.009554994540575576,0.0030116394249836012
crop_slope_sp10,12,0.03288337379662151,0.03288337379662151,0.02103133331886504,0.0063429660816135
cy0_to_ceq_multiplier,12,-0.003137472994204796,0.014767765985331308,0.059549949918572875,0.01882765695119606
litter_carbon,12,-0.03247188962937843,0.03247188962937843,0.010357097853556018,0.0033276681129005936
litter_nitrogen,12,0.023840581492757956,0.023840581492757956,0.002622228051294219,0.0007248192172949666
mortality_fraction_branch_delta,12,-0.01164799629806323,0.013625121590578554,0.016497399102650873,0.004091548104033077
mortality_fraction_croot_delta,12,-0.0029706318362704596,0.003974778798980711,0.005247123834282199,0.0014280352418685172
mortality_fraction_froot_delta,12,-0.0009989728771915424,0.001829556695780124,0.00293226980964159,0.0007476318982986292
mortality_fraction_leaf_delta,12,-0.002002167507977165,0.003311099748319063,0.004886885610126445,0.0011681674409872577
mortality_fraction_stem_delta,12,-0.014244504130711258,0.025425976069919875,0.03536266187969525,0.009114494911224855
pool_alloc_froot_sp1,12,-0.009480592740230285,0.06523819553960779,0.09377535874466118,0.021863939380247145
pool_alloc_leaf_sp1,12,-0.05559436030620596,0.1458648147159984,0.22648686761505826,0.046351784778056876
pool_alloc_stem_sp1,12,0.6536623190773008,0.9957351108622454,1.1102132949972676,0.21779748308101085
pool_turnover_branch_sp1,12,0.46035670437871473,0.46048655898810037,0.31123298495867,0.07871896046778132
pool_turnover_croot_sp1,12,-0.2194748159961132,0.22381273573600255,0.20006093914832732,0.06503398025794871
pool_turnover_froot_sp1,12,-0.08106427121698154,0.08247236005694934,0.07835311790948789,0.02420905411045696
pool_turnover_leaf_sp1,12,-0.06352325869640023,0.06799722846203841,0.059189889083975794,0.014950273563384221
pool_turnover_stem_sp1,12,12.487502508673142,12.690099035104703,11.697083409988037,3.367503197892815
proj_cover,12,-1.6839063885967032,1.6881330548167166,3.7132903827151753,1.0870107842851888
proj_fire_off,12,0.03588058569107096,0.03588058569107096,0.08438609015576828,0.02649264881855672
proj_fire_on,12,0.39979786914774523,0.39979786914774523,0.1291267963511699,0.04041821920006209
proj_mortality,12,0.5254266088556273,0.5305322263092951,0.4922680386288188,0.14156311361443216
proj_thinning_delta,12,12.809869054566926,12.809869054566926,11.907553498932094,3.6642357829188033
roth_c_cover_c,12,0.015101519201694988,0.03597307982567462,0.06409159601023548,0.01765772365462863
roth_c_dpm_frac_crop,12,-0.05110178998428984,0.05110178998428984,0.034880825771671044,0.011444728442691107
roth_c_dpm_frac_tree,12,-0.012841113072493127,0.047810657248575264,0.059283432510496926,0.011046067448796007
roth_c_moisture_b_slope,12,-0.4660276400033848,0.5919753116912958,1.6502967111329252,0.4656981398906583
roth_c_temp_a1,12,0.18771205621479162,0.348153409276339,0.5535535987064939,0.14725450031974976
roth_c_temp_a2,12,-0.13674507067764902,0.6365456171696984,0.8852088275196973,0.15968695159695812
thinning_fraction_branch_delta,12,0.046981045691751544,0.046981045691751544,0.04163945179859371,0.012876073732736176
thinning_fraction_croot_delta,12,0.021134541981099465,0.021134541981099465,0.014293505506982624,0.003997592794807946
thinning_fraction_froot_delta,12,0.00955889431544586,0.00955889431544586,0.008458852803941158,0.0026346638681920115
thinning_fraction_leaf_delta,12,0.017643936326607372,0.017643936326607372,0.013002727397708956,0.004223816168472546
thinning_fraction_stem_delta,12,0.11134115504855388,0.11134115504855388,0.08518278261839737,0.023588663815761492
tree_carbon_sp1,12,0.2535142327954254,1.1771568533365888,1.543977913952337,0.28983951430288873
tree_nitrogen_branch_sp1,12,0.0017632794332696489,0.0017632794332696489,0.00042549673293578155,0.00011878974610550506
tree_nitrogen_croot_sp1,12,0.001081329275101306,0.001081329275101306,0.000981229696240984,0.00028127013764780507
tree_nitrogen_froot_sp1,12,0.029557328457686362,0.029557328457686362,0.015681450368454412,0.0049570214908057795
tree_nitrogen_leaf_sp1,12,0.0459962617159164,0.0459962617159164,0.025266544981172468,0.007570040941410329
tree_nitrogen_stem_sp1,12,0.0043183752840114855,0.0043183752840114855,0.00146895450494982,0.00048366966600154357
tree_root_in_top_30,12,-0.07315883427573007,0.12569571200764135,0.18006135887764996,0.044695152270276504
tree_root_to_shoot_sp1,12,0.03319242048636421,0.1422458428037313,0.18735796566782872,0.03400307702195173
cy0,13,-0.02740820170699117,0.3868557408796112,0.8058103339618301,0.20249079301541756
clay,13,-0.05123429956733867,0.08336571174670737,0.23354569090981134,0.06671561330074495
temp_ci_delta,13,0.14439802259218493,0.2718939519598392,0.3913066466584579,0.09678601017011446
rain_ci_delta,13,0.9254626341495313,1.888816059345024,4.530557595580168,1.3140965835785023
evap_ci_delta,13,-0.19083814741781593,0.3490177486445038,0.973606030380617,0.24253214134421383
ef_burn_crop_N2O_scale,13,-0.003638788124261405,0.003751511874069624,0.002509270825381385,0.0005998161336373603
ef_burn_crop_CH4_scale,13,-0.013689076860133131,0.013890070420817436,0.009499423496897922,0.0025885634209474513
ef_burn_tree_N2O_scale,13,0.007219225958120154,0.007219225958120154,0.005682072245206013,0.0016413814693977708
ef_burn_tree_CH4_scale,13,0.02833985710535547,0.02833985710535547,0.021815405483136784,0.006706689429707844
ef_N_inputs,13,-0.05293966660584831,0.06272341881655004,0.04657866663769819,0.011327684447765794
combustion_factor_crop,13,-0.015907965509252796,0.016494808245057446,0.012651134309523113,0.00340324164691594
combustion_factor_tree,13,0.03802473634783303,0.03802473634783303,0.02697176489860205,0.007800305300766788
volatile_frac_organic_fertiliser,13,-0.0028754256509736635,0.0028754256509736635,0.0003055624420978309,8.220332913373032e-05
volatile_frac_synthetic_fertiliser,13,0.01629739688896292,0.01629739688896292,0.001640565438636442,0.000505482820522583
base_sf_qty_scale,13,-0.12981374696526465,0.12981374696526465,0.011684697112334264,0.0038287183019436732
proj_lit_qty_scale,13,-0.007053498487797978,0.010093867800902209,0.01601018347577682,0.004561099777682719
base_stand_density_scale,13,0.0,0.0,0.0,0.0
proj_stand_density_scale,13,0.20451116679671416,0.9920458862474885,1.2412795499193947,0.2308269617950116
tree_wood_dens_sp1,13,0.4039985616117449,0.9615529815177964,1.0573603956128181,0.16698196876213636
base_cover,13,0.2983122058427049,0.2983122058427049,0.553803965062508,0.18190223019457633
base_fire_off,13,-0.024885313060658554,0.024885313060658554,0.08969221031413553,0.02347518591733375
base_fire_on,13,-0.034932859740002806,0.034932859740002806,0.005956144895642929,0.0018859905989436307
base_mortality,13,0.0,0.0,0.0,0.0
base_sf_n_delta,13,-0.13290163271820096,0.13290163271820096,0.013646164833617374,0.004551771405151837
base_thinning_delta,13,0.0,0.0,0.0,0.0
crop_base_left_delta,13,0.15107542759761453,0.15107542759761453,0.043204521869601054,0.01314309634468788
crop_base_yield_delta,13,0.07439994600692536,0.07439994600692536,0.05311989707134293,0.01719938968971969
crop_carbon_above_sp3,13,0.009814202266426885,0.012155222882565764,0.010438501217472074,0.0022752788091804465
crop_carbon_below_sp3,13,0.03083749166622251,0.03111231568638914,0.011791134098322673,0.003425354648445092
crop_intercept_sp3,13,-0.00034057820185435795,0.0030297035270854477,0.004491024159923001,0.0010519217266972258
crop_nitrogen_above_sp3,13,-0.0027879445380388974,0.0029218895374225813,0.002133191177484859,0.0006244334717796386
crop_nitrogen_below_sp3,13,-0.00629034995959755,0.00629034995959755,0.0010248475026811154,0.00032139313299658846
crop_carbon_above_sp10,13,0.05673714130024869,0.05673714130024869,0.02293594129708563,0.007473763119942658
crop_carbon_below_sp10,13,0.02329447884331875,0.02329447884331875,0.010455736427275179,0.0031812541385801136
crop_intercept_sp10,13,0.013801622576800315,0.013801622576800315,0.0070503774289572664,0.0019451398557881058
crop_nitrogen_above_sp10,13,-0.0070816779750788785,0.0070816779750788785,0.0014323384656657015,0.0004374111624651395
crop_nitrogen_below_sp10,13,-0.004457407240105543,0.004457407240105543,0.0014506415250373477,0.000433359305734571
crop_proj_left_delta,13,-0.012685553475325073,0.01505570163416246,0.016532497641154532,0.00435270998278324
crop_proj_yield_delta,13,0.11096081381586967,0.11544996171510769,0.048944201698221834,0.010392449239092967
crop_root_in_top_30,13,0.043429289561427886,0.04357327883595905,0.01924995517538901,0.005889290267302343
crop_root_to_shoot_sp3,13,0.02577219323947108,0.02577219323947108,0.011324290060797073,0.0030374805057845557
crop_slope_sp3,13,0.007793907213105304,0.007793907213105304,0.006937719713931113,0.002093643865054869
crop_root_to_shoot_sp10,13,0.019921873393233414,0.019921873393233414,0.008888753855054214,0.0027976053006883396
crop_slope_sp10,13,0.02963141902780486,0.02963141902780486,0.019619689837310963,0.005927583781517968
cy0_to_ceq_multiplier,13,-0.002799372365926295,0.013143899187961928,0.053640182255913986,0.017025478908770455
litter_carbon,13,-0.030910774744070408,0.030910774744070408,0.009488100726467056,0.003040478831672444
litter_nitrogen,13,0.023840581492757997,0.023840581492757997,0.0026222280512938406,0.0007248192172948748
mortality_fraction_branch_delta,13,-0.010535572800168435,0.012505220126336147,0.015215148390114253,0.0037184519646831404
mortality_fraction_croot_delta,13,-0.002748398102762639,0.0037539703640041555,0.005228366714259666,0.0014427150226690025
mortality_fraction_froot_delta,13,-0.0009039487454128691,0.0017419801453471494,0.00286115939035394,0.0007469026010102287
mortality_fraction_leaf_delta,13,-0.0018783880109098316,0.0031616279969738314,0.004698581684502495,0.001119489476226433
mortality_fraction_stem_delta,13,-0.013772430412994283,0.024198932987477405,0.035234665310858865,0.009190778324461375
pool_alloc_froot_sp1,13,-0.009330307659854991,0.061282823049534876,0.09015150848855422,0.021915653129210334
pool_alloc_leaf_sp1,13,-0.05375471890120416,0.139495562297393,0.2174566437079744,0.045008272677677666
pool_alloc_stem_sp1,13,0.6034181960746909,0.965430114577855,1.0992078549875988,0.2127507317455824
pool_turnover_branch_sp1,13,0.45955888162854197,0.4609231686556782,0.3272579844622472,0.08234909135656919
pool_turnover_croot_sp1,13,-0.20089576373003631,0.2053199206950814,0.19194262983338392,0.06119776803782114
pool_turnover_froot_sp1,13,-0.07224761880001951,0.07370274797542528,0.07193547598756005,0.021714889361562326
pool_turnover_leaf_sp1,13,-0.056887029853697625,0.06135771643884187,0.05575132641657046,0.01449904317675026
pool_turnover_stem_sp1,13,12.289648545028495,12.541646849218003,12.210354785537636,3.5219455758554
proj_cover,13,-1.287874939563072,1.3125240304673,3.2132021609878127,0.9182827733869122
proj_fire_off,13,0.03588058569107115,0.03588058569107115,0.08438609015576885,0.02649264881855695
proj_fire_on,13,0.38947603568029576,0.38947603568029576,0.13858947454192588,0.043540013865604535
proj_mortality,13,0.529269909126203,0.5355425425357005,0.5311369849748976,0.15384628364474973
proj_thinning_delta,13,12.003777472039353,12.003777472039353,12.365065166556098,3.8095169483610962
roth_c_cover_c,13,0.011558919249240532,0.03148897347534051,0.05629918947215699,0.015260856521452435
roth_c_dpm_frac_crop,13,-0.03415339757602491,0.03415339757602491,0.033536860020150855,0.010950640330341481
roth_c_dpm_frac_tree,13,-0.008909693688927744,0.03890298957007128,0.05070056979891598,0.010033881028595771
roth_c_moisture_b_slope,13,-0.3928559297940932,0.5224563089607205,1.4537174591167972,0.4085107060279975
roth_c_temp_a1,13,0.158344050677885,0.337802285694561,0.5352722738737115,0.13634852945520842
roth_c_temp_a2,13,-0.06841474254075976,0.5984009380175188,0.7949083958203259,0.13852374972946663
thinning_fraction_branch_delta,13,0.025851089997912347,0.025851089997912347,0.0226625876752774,0.007074684755271122
thinning_fraction_croot_delta,13,0.011312179367215913,0.011312179367215913,0.007784037642276473,0.0021738273127283225
thinning_fraction_froot_delta,13,0.00541035429225527,0.005432599574544827,0.004833687696827161,0.001505811568240831
thinning_fraction_leaf_delta,13,0.009518790216557193,0.009518790216557193,0.007373558389770687,0.0023049950490280444
thinning_fraction_stem_delta,13,0.05955675963368039,0.05955675963368039,0.04524145199730789,0.012866008825790521
tree_carbon_sp1,13,0.16582604652200228,1.0973010700462278,1.5308996517425204,0.30623445667700433
tree_nitrogen_branch_sp1,13,0.001713447934132642,0.001713447934132642,0.0004536143241876575,0.0001243855022467614
tree_nitrogen_croot_sp1,13,0.0010614398296094729,0.0010614398296094729,0.0010228462795705843,0.0002941933739917588
tree_nitrogen_froot_sp1,13,0.029001525441772553,0.029001525441772553,0.016594170196083627,0.005249020246698669
tree_nitrogen_leaf_sp1,13,0.04525390627029714,0.04525390627029714,0.02706191793876664,0.00810884608376657
tree_nitrogen_stem_sp1,13,0.004089201998273921,0.004089201998273921,0.001473666312066144,0.0004894452038610336
tree_root_in_top_30,13,-0.07349024240852524,0.11614001229127868,0.17105201873956097,0.0436788207635409
tree_root_to_shoot_sp1,13,0.022680767525573485,0.13496818113108158,0.18695931888671838,0.03562020870641406
cy0,14,-0.02695763780272902,0.36141801020873354,0.7619725454734193,0.1925801694334922
clay,14,-0.03829771107207651,0.06708617706862381,0.19469893631259072,0.056075213483843936
temp_ci_delta,14,0.13769257604010138,0.249685569963217,0.3575125927420592,0.08972027246451027
rain_ci_delta,14,0.7613614301052163,1.7566990254416375,4.227424839040743,1.22070525283502
evap_ci_delta,14,-0.11150954435107194,0.3004827113845993,0.794104827494888,0.19344240149637074
ef_burn_crop_N2O_scale,14,-0.0036387881242614674,0.0037515118740696863,0.002509270825381474,0.0005998161336374165
ef_burn_crop_CH4_scale,14,-0.013689076860133376,0.01389007042081768,0.009499423496897521,0.0025885634209473485
ef_burn_tree_N2O_scale,14,0.0069821606556819595,0.0069821606556819595,0.005640371310289142,0.0016381251725890562
ef_burn_tree_CH4_scale,14,0.027563793454443826,0.027563793454443826,0.02156205280737481,0.00657520934076262
ef_N_inputs,14,-0.05447346066397603,0.0656974272737429,0.049528853463459366,0.011699800602904703
combustion_factor_crop,14,-0.015907965509252792,0.01649480824505751,0.012651134309523278,0.003403241646915875
combustion_factor_tree,14,0.03698222543419453,0.03698222543419453,0.02731650483421067,0.007864061710468696
volatile_frac_organic_fertiliser,14,-0.0028754256509736322,0.0028754256509736322,0.0003055624420978851,8.220332913375332e-05
volatile_frac_synthetic_fertiliser,14,0.016297396888962888,0.016297396888962888,0.0016405654386364315,0.000505482820522569
base_sf_qty_scale,14,-0.12981374696526457,0.12981374696526457,0.0116846971123344,0.003828718301943731
proj_lit_qty_scale,14,-0.005322420967443914,0.00947654039027564,0.014937667793100193,0.00414270892070074
base_stand_density_scale,14,0.0,0.0,0.0,0.0
proj_stand_density_scale,14,0.15549203273342044,0.9423416810033597,1.2176397182219005,0.24014421482653253
tree_wood_dens_sp1,14,0.3557872874535798,0.9134361320338804,1.0369626202263864,0.1735985286417129
base_cover,14,0.28239101554663626,0.28239101554663626,0.5291508335171935,0.17352501022289601
base_fire_off,14,-0.024885313060658488,0.024885313060658488,0.0896922103141353,0.023475185917333687
base_fire_on,14,-0.03493285974000273,0.03493285974000273,0.00595614489564287,0.0018859905989436635
base_mortality,14,0.0,0.0,0.0,0.0
base_sf_n_delta,14,-0.13290163271820082,0.13290163271820082,0.013646164833617387,0.0045517714051518466
base_thinning_delta,14,0.0,0.0,0.0,0.0
crop_base_left_delta,14,0.14537487603727509,0.14537487603727509,0.04167970671084635,0.012669669761019506
crop_base_yield_delta,14,0.06720032899011678,0.06720032899011678,0.0520509807241059,0.016811204318009317
crop_carbon_above_sp3,14,0.007825920763607854,0.010087552024702542,0.009851978127083674,0.002259721417716427
crop_carbon_below_sp3,14,0.024796261954898136,0.02515255075604813,0.011287406952648195,0.003255328910647955
crop_intercept_sp3,14,-0.0003512596643616181,0.0029095086023204026,0.004307916550794226,0.0010038781578089917
crop_nitrogen_above_sp3,14,-0.002787944538039014,0.002921889537422498,0.002133191177484622,0.0006244334717796357
crop_nitrogen_below_sp3,14,-0.0062903499595974,0.0062903499595974,0.0010248475026811003,0.0003213931329966239
crop_carbon_above_sp10,14,0.05357697378819837,0.05357697378819837,0.02154078590764076,0.00702315202749518
crop_carbon_below_sp10,14,0.02202148534339344,0.02202148534339344,0.009931288077190126,0.0030380038870521007
crop_intercept_sp10,14,0.012902749799412888,0.012902749799412888,0.006873142166007224,0.0018864955235938954
crop_nitrogen_above_sp10,14,-0.007081677975079058,0.007081677975079058,0.0014323384656656985,0.00043741116246519274
crop_nitrogen_below_sp10,14,-0.004457407240105622,0.004457407240105622,0.0014506415250372003,0.00043335930573451287
crop_proj_left_delta,14,-0.016341554665356535,0.01767433121827705,0.016875256001113927,0.004731425072591088
crop_proj_yield_delta,14,0.11299742282932708,0.11717198804110765,0.04937796051223836,0.010684651201568517
crop_root_in_top_30,14,0.036171553923782726,0.036408969027568225,0.01835674933888073,0.0055578850931942625
crop_root_to_shoot_sp3,14,0.01950723431588543,0.01950723431588543,0.010733103692102447,0.0028902229783577256
crop_slope_sp3,14,0.005028141935057173,0.0050503703864168805,0.0066486116194003405,0.0020013301578429717
crop_root_to_shoot_sp10,14,0.018598797943416512,0.018598797943416512,0.008368537072395824,0.0026291653635594206
crop_slope_sp10,14,0.026908079826949066,0.026908079826949066,0.018427294999228908,0.005573722188344754
cy0_to_ceq_multiplier,14,-0.0024932936132311236,0.011714477563748316,0.04835974947094474,0.015406678582282007
litter_carbon,14,-0.029474498080784763,0.029474498080784763,0.00879282542836675,0.002810861641494784
litter_nitrogen,14,0.023840581492757938,0.023840581492757938,0.002622228051293933,0.0007248192172948636
mortality_fraction_branch_delta,14,-0.009406770982703783,0.011461812696533047,0.014214742127528395,0.0034254250805630868
mortality_fraction_croot_delta,14,-0.0025205972200826434,0.0036157255260791167,0.0052795182646701595,0.001447469666084891
mortality_fraction_froot_delta,14,-0.0007961256541687805,0.0016905464041846036,0.002831480552646853,0.0007509969674707576
mortality_fraction_leaf_delta,14,-0.0017309908014126658,0.0030366797813735718,0.004580173050402104,0.0010887629439165318
mortality_fraction_stem_delta,14,-0.013157384213139769,0.02324307786339106,0.03540495990094537,0.009272099139706507
pool_alloc_froot_sp1,14,-0.007313642389838154,0.058239919714980624,0.08833487397970322,0.022224772719408824
pool_alloc_leaf_sp1,14,-0.04948315658575388,0.13537944192133783,0.2122444380973585,0.0443448485261776
pool_alloc_stem_sp1,14,0.554666728709252,0.932910167111815,1.0845407648853682,0.20691750453158445
pool_turnover_branch_sp1,14,0.4541664786723995,0.4579894829514702,0.343663244979967,0.08575327202877807
pool_turnover_croot_sp1,14,-0.1823805446192252,0.18696250529896943,0.18700418586107423,0.05862568715835868
pool_turnover_froot_sp1,14,-0.06354384355926476,0.06555853629750467,0.06763397823059533,0.019942625482863564
pool_turnover_leaf_sp1,14,-0.05028378825776063,0.05508423783842113,0.05415891846850202,0.014526866958595354
pool_turnover_stem_sp1,14,12.016571496224756,12.33634114264601,12.707868216506212,3.6703520230734816
proj_cover,14,-1.0226759427864938,1.1316307954117555,2.841907046838149,0.816552362515119
proj_fire_off,14,0.035880585691070936,0.035880585691070936,0.08438609015576841,0.02649264881855675
proj_fire_on,14,0.3803482051428541,0.3803482051428541,0.1477816529400948,0.04658124945867009
proj_mortality,14,0.5307789307713001,0.5382195308240493,0.5723852748874647,0.16685004791128874
proj_thinning_delta,14,11.532477015526538,11.54416373376695,12.79562494105394,3.9450468290107934
roth_c_cover_c,14,0.010151166968991421,0.02842613165082588,0.04915327220128753,0.012939526297042689
roth_c_dpm_frac_crop,14,-0.0231667871002454,0.0231667871002454,0.029986862894654367,0.009711952336146168
roth_c_dpm_frac_tree,14,-0.00636772376310511,0.03290025082569687,0.04410271297438937,0.00907934269408081
roth_c_moisture_b_slope,14,-0.3280418255274397,0.45231321461668106,1.2614897847239892,0.3539231375739521
roth_c_temp_a1,14,0.16833537290195322,0.3233283769269317,0.5040273358225211,0.12674722925172097
roth_c_temp_a2,14,-0.09234311973170985,0.5392287489179861,0.6976453258736414,0.12398732975817549
thinning_fraction_branch_delta,14,0.016814441836095734,0.016814441836095734,0.017261254941969464,0.005539196137180351
thinning_fraction_croot_delta,14,0.006904021387867759,0.006904021387867759,0.006088488369603539,0.0017999670775246436
thinning_fraction_froot_delta,14,0.003495759374267815,0.0035268573652755264,0.0033741806721083963,0.0010489212542118837
thinning_fraction_leaf_delta,14,0.005914984457810896,0.005914984457810896,0.005625721942873635,0.0016889348051964805
thinning_fraction_stem_delta,14,0.03618379060069623,0.03618379060069623,0.03266825025386684,0.010220144255146092
tree_carbon_sp1,14,0.10976694136048044,1.0494778133788691,1.537703073779515,0.322321699113669
tree_nitrogen_branch_sp1,14,0.0016661371994452028,0.0016661371994452028,0.00048388366106173053,0.00013128479116692303
tree_nitrogen_croot_sp1,14,0.0010446807117807668,0.0010446807117807668,0.0010675043502329001,0.00030801365318326837
tree_nitrogen_froot_sp1,14,0.028522974377022337,0.028522974377022337,0.017483312427440244,0.005533353795622004
tree_nitrogen_leaf_sp1,14,0.044627337630106775,0.044627337630106775,0.028852484724067606,0.008644555236655324
tree_nitrogen_stem_sp1,14,0.0038889148501040803,0.0038889148501040803,0.0014882734182160562,0.0004966071372167964
tree_root_in_top_30,14,-0.07017636644676242,0.11069481877157647,0.1663459215057406,0.04293269665726799
tree_root_to_shoot_sp1,14,0.015137542970063946,0.13019895756217084,0.18822182919361646,0.03731773856148884
cy0,15,-0.02671952540643959,0.33682055837857805,0.7191474867074895,0.18278636727042205
clay,15,-0.029354683043030842,0.05813054756124266,0.1638664048757317,0.04684727738517317
temp_ci_delta,15,0.13812674854641785,0.22754119642604448,0.3277050847999533,0.0859081708198399
rain_ci_delta,15,0.6620164143414526,1.6448883610041336,3.9766360307440274,1.1417117309517089
evap_ci_delta,15,-0.058100891292831455,0.27668472151659923,0.6830700463842089,0.17112613880514999
ef_burn_crop_N2O_scale,15,-0.0036387881242614384,0.003751511874069724,0.002509270825381368,0.0005998161336374054
ef_burn_crop_CH4_scale,15,-0.013689076860133226,0.01389007042081753,0.009499423496897913,0.002588563420947442
ef_burn_tree_N2O_scale,15,0.00677153189266369,0.00677153189266369,0.0056226429055889,0.0016412709347500153
ef_burn_tree_CH4_scale,15,0.02687490948589496,0.02687490948589496,0.021401540871275444,0.006479418674964668
ef_N_inputs,15,-0.055778377255764865,0.06849217800263585,0.05247242398597336,0.012064776684816711
combustion_factor_crop,15,-0.015907965509252383,0.0164948082450571,0.012651134309523138,0.003403241646915802
combustion_factor_tree,15,0.036069066011475734,0.036069066011475734,0.02774358145753005,0.007961378772655285
volatile_frac_organic_fertiliser,15,-0.002875425650973576,0.002875425650973576,0.00030556244209802984,8.220332913384442e-05
volatile_frac_synthetic_fertiliser,15,0.016297396888962812,0.016297396888962812,0.0016405654386361912,0.0005054828205225168
base_sf_qty_scale,15,-0.1298137469652645,0.1298137469652645,0.011684697112334297,0.003828718301943713
proj_lit_qty_scale,15,-0.0037486088153732013,0.009187619995444098,0.014068026598391927,0.003723441586303924
base_stand_density_scale,15,0.0,0.0,0.0,0.0
proj_stand_density_scale,15,0.9842522243680584,1.315564566151928,1.0937496852311235,0.2003331331007157
tree_wood_dens_sp1,15,1.0762613519816695,1.498547502908365,1.2212150280769574,0.1756360148576005
base_cover,15,0.26792859971128685,0.26792859971128685,0.5071253285554274,0.16608081186702983
base_fire_off,15,-0.024885313060658453,0.024885313060658453,0.08969221031413516,0.023475185917333646
base_fire_on,15,-0.034932859740002625,0.034932859740002625,0.005956144895642695,0.0018859905989436047
base_mortality,15,0.0,0.0,0.0,0.0
base_sf_n_delta,15,-0.1329016327182007,0.1329016327182007,0.01364616483361739,0.004551771405151875
base_thinning_delta,15,0.0,0.0,0.0,0.0
crop_base_left_delta,15,0.14003824222047165,0.14003824222047165,0.040456840302666865,0.012300342133318397
crop_base_yield_delta,15,0.060363042816493795,0.060363042816493795,0.051062888390110146,0.016450827469092995
crop_carbon_above_sp3,15,0.00674589885974184,0.008947127252302468,0.00941018152153851,0.0022014826377863544
crop_carbon_below_sp3,15,0.021500518175313295,0.021927625353667355,0.011074966964108418,0.003168676014751512
crop_intercept_sp3,15,-0.00035939113556981983,0.0028095130971219906,0.004163051736533372,0.0009671489938568543
crop_nitrogen_above_sp3,15,-0.002787944538039072,0.002921889537422623,0.0021331911774847448,0.0006244334717796689
crop_nitrogen_below_sp3,15,-0.00629034995959755,0.00629034995959755,0.001024847502681063,0.0003213931329965953
crop_carbon_above_sp10,15,0.05080464433718999,0.05080464433718999,0.020358542032921964,0.006633532893379511
crop_carbon_below_sp10,15,0.02089840445131146,0.02089840445131146,0.009477218422106881,0.0029147129157089625
crop_intercept_sp10,15,0.012108494507699592,0.012108494507699592,0.006740693582854669,0.0018420970974091
crop_nitrogen_above_sp10,15,-0.007081677975079204,0.007081677975079204,0.0014323384656656716,0.0004374111624650988
crop_nitrogen_below_sp10,15,-0.004457407240105643,0.004457407240105643,0.0014506415250372174,0.00043335930573449607
crop_proj_left_delta,15,-0.017903661407102516,0.019008288075708694,0.0173050020959863,0.004882471332067768
crop_proj_yield_delta,15,0.11527497737779029,0.11913212155322608,0.04976865127504518,0.010946607254523733
crop_root_in_top_30,15,0.03173680689122142,0.03205049223043725,0.017557032372845918,0.005252321334230251
crop_root_to_shoot_sp3,15,0.01618843172648354,0.0162587229262463,0.010263094547337554,0.00273565941630241
crop_slope_sp3,15,0.003473621447752241,0.0038407959506566404,0.006368449384794082,0.001893370905398981
crop_root_to_shoot_sp10,15,0.017451039528257575,0.017451039528257575,0.007963144881992058,0.002496290037159294
crop_slope_sp10,15,0.024527868433924748,0.024527868433924748,0.017420176268085934,0.005272860140605066
cy0_to_ceq_multiplier,15,-0.0022176181901509885,0.010449087395168394,0.043631963468700845,0.013949783054672118
litter_carbon,15,-0.028142818520432617,0.028142818520432617,0.008240014992757557,0.002628430113800043
litter_nitrogen,15,0.023840581492757845,0.023840581492757845,0.0026222280512940574,0.0007248192172948939
mortality_fraction_branch_delta,15,-0.008333383552981527,0.010520049540376825,0.013406069040765394,0.0031879489887832683
mortality_fraction_croot_delta,15,-0.0023094652340338363,0.0035190849578185857,0.00536707473371074,0.0014602997104923366
mortality_fraction_froot_delta,15,-0.0006918043439407287,0.0016498414054629943,0.002824009600095218,0.0007589630614464975
mortality_fraction_leaf_delta,15,-0.0015834724009093858,0.0029349162573800215,0.00450797405225355,0.0010701379752333115
mortality_fraction_stem_delta,15,-0.012551286665774033,0.02267595248262533,0.03574001295431159,0.009281948700564776
pool_alloc_froot_sp1,15,0.008481965254391155,0.059497063952425586,0.08586647083301631,0.02068829046601313
pool_alloc_leaf_sp1,15,-0.04147558807908583,0.13236913446418438,0.2085871641579183,0.043886114634467815
pool_alloc_stem_sp1,15,0.38629623247269096,0.7548789704197894,0.8740310002351545,0.1540403108593517
pool_turnover_branch_sp1,15,0.20810049087593024,0.2747874597419746,0.36217355578050975,0.08176442226529375
pool_turnover_croot_sp1,15,-0.2797910327692136,0.2811910495976243,0.2318138788118336,0.07080906671859517
pool_turnover_froot_sp1,15,-0.10729384234611195,0.1079394020081413,0.08816676406368458,0.02634585074129746
pool_turnover_leaf_sp1,15,-0.08087323648800088,0.08289872584701187,0.0713715266642124,0.019992493276919945
pool_turnover_stem_sp1,15,5.118326939721588,8.933690252084162,12.120832670776476,2.7213833853901264
proj_cover,15,-0.8428971701980152,1.0181553010106974,2.5656314260989417,0.7474154452161014
proj_fire_off,15,0.03588058569107102,0.03588058569107102,0.08438609015576849,0.02649264881855679
proj_fire_on,15,0.3722554453006933,0.3722554453006933,0.15675099968908388,0.04955636335145678
proj_mortality,15,0.3469158414255371,0.4281260479297524,0.6394980772440383,0.17864150965554193
proj_thinning_delta,15,13.64570689747523,14.544155949007607,12.889433730499876,3.576008317751461
roth_c_cover_c,15,0.009429697150135117,0.02581731835708597,0.043378394726038126,0.011103214475157117
roth_c_dpm_frac_crop,15,-0.016907778407046187,0.016907778407046187,0.026196964718094067,0.008400198090590057
roth_c_dpm_frac_tree,15,-0.005147558594364043,0.02887195988464223,0.039239755607037914,0.008341494962320603
roth_c_moisture_b_slope,15,-0.27103027197709173,0.3867191912747247,1.0876434342841217,0.30509630058958287
roth_c_temp_a1,15,0.18599759043046427,0.31640500000082306,0.47284363614931263,0.11940144028722549
roth_c_temp_a2,15,-0.13547581081427626,0.48243357588216806,0.6217993125991493,0.11845235877909763
thinning_fraction_branch_delta,15,0.012785679184313415,0.012934575355156052,0.01639606166975432,0.0053408410311460534
thinning_fraction_croot_delta,15,0.004863675866910689,0.005144418686711128,0.0057827167980510205,0.0017390796402565116
thinning_fraction_froot_delta,15,0.0025680107567104594,0.0026064350118121583,0.00278216328849532,0.0008647994871750313
thinning_fraction_leaf_delta,15,0.004303122353702981,0.004413068784214325,0.005114708780672667,0.0014778678584421543
thinning_fraction_stem_delta,15,0.025188054898329825,0.02663993284169308,0.02999402019828532,0.009508231814676228
tree_carbon_sp1,15,0.7980759542021473,1.5590340457968825,1.6557780708774577,0.2711797357645286
tree_nitrogen_branch_sp1,15,0.0016212924704931187,0.0016212924704931187,0.0005147912428210173,0.00013890783257838448
tree_nitrogen_croot_sp1,15,0.0010307068625813585,0.0010307068625813585,0.001114989824567434,0.0003226659633106667
tree_nitrogen_froot_sp1,15,0.028111469779026454,0.028111469779026454,0.01835506127509164,0.005812081508783721
tree_nitrogen_leaf_sp1,15,0.044104042780952424,0.044104042780952424,0.030647283382961226,0.009179739439047667
tree_nitrogen_stem_sp1,15,0.003713036983407347,0.003713036983407347,0.0015085832090775276,0.0005044174605148465
tree_root_in_top_30,15,-0.06578178514138192,0.10677454882707031,0.16429140522111954,0.04265571101207367
tree_root_to_shoot_sp1,15,0.12468273964026619,0.20425556800587302,0.21838932841452866,0.041566822655727045
cy0,16,-0.026623202303585843,0.3131316629166815,0.6775254141655898,0.17316951252227694
clay,16,-0.02722215533944463,0.05328686613008243,0.1361121344033554,0.038362380253393766
temp_ci_delta,16,0.16962432416932482,0.2265236927899902,0.30439832613602036,0.08586915602508285
rain_ci_delta,16,0.6791296837445582,1.5866421893458607,3.8154927719116114,1.093631506275678
evap_ci_delta,16,-0.05179269991916986,0.2614950209910334,0.659587863653247,0.16749660222621174
ef_burn_crop_N2O_scale,16,-0.003638788124261172,0.0037515118740693576,0.002509270825381268,0.000599816133637321
ef_burn_crop_CH4_scale,16,-0.013689076860133454,0.01389007042081769,0.009499423496897764,0.0025885634209475237
ef_burn_tree_N2O_scale,16,0.007021229498644105,0.007021229498644105,0.005878888209248906,0.00169691640874922
ef_burn_tree_CH4_scale,16,0.027589417169103597,0.027589417169103597,0.021769073464886136,0.00653694765531637
ef_N_inputs,16,-0.056805507800432364,0.07108522603709573,0.05546671601417966,0.012441590084092667
combustion_factor_crop,16,-0.015907965509252713,0.01649480824505733,0.012651134309522928,0.003403241646915844
combustion_factor_tree,16,0.03732087591139518,0.03732087591139518,0.02883721792798274,0.008309372037644853
volatile_frac_organic_fertiliser,16,-0.0028754256509736114,0.0028754256509736114,0.00030556244209786743,8.220332913373417e-05
volatile_frac_synthetic_fertiliser,16,0.016297396888962777,0.016297396888962777,0.0016405654386361863,0.0005054828205224789
base_sf_qty_scale,16,-0.12981374696526432,0.12981374696526432,0.011684697112334707,0.003828718301943891
proj_lit_qty_scale,16,-0.0023082290163708393,0.00902188875524931,0.013365453110659056,0.003372983890735197
base_stand_density_scale,16,0.0,0.0,0.0,0.0
proj_stand_density_scale,16,-0.11395975765547699,0.8347697225490333,1.2623319370707538,0.31456546728897816
tree_wood_dens_sp1,16,0.09332528439948187,0.7433747143739036,1.011271265249716,0.21597414019029998
base_cover,16,0.2547344843426009,0.2547344843426009,0.48733037207684016,0.15942665137771092
base_fire_off,16,-0.024885313060658488,0.024885313060658488,0.08969221031413534,0.0234751859173337
base_fire_on,16,-0.03493285974000284,0.03493285974000284,0.005956144895643227,0.001885990598943726
base_mortality,16,0.0,0.0,0.0,0.0
base_sf_n_delta,16,-0.1329016327182005,0.1329016327182005,0.01364616483361737,0.004551771405151885
base_thinning_delta,16,0.0,0.0,0.0,0.0
crop_base_left_delta,16,0.13502358009036486,0.13502358009036486,0.03948346854934498,0.012016580345506251
crop_base_yield_delta,16,0.05385242374563293,0.05385242374563293,0.050135828070669075,0.016111928790893498
crop_carbon_above_sp3,16,0.006084407432368408,0.008268632512164063,0.00907030249959354,0.002133138694209404
crop_carbon_below_sp3,16,0.019478738126747278,0.019992459561706748,0.011019943075552128,0.003118715369536538
crop_intercept_sp3,16,-0.00036460743724511525,0.0027266476376098885,0.004047482435979441,0.0009383910717955043
crop_nitrogen_above_sp3,16,-0.002787944538038539,0.0029218895374220565,0.0021331911774848124,0.000624433471779687
crop_nitrogen_below_sp3,16,-0.006290349959597599,0.006290349959597599,0.0010248475026810994,0.0003213931329966133
crop_carbon_above_sp10,16,0.04831366377098103,0.04831366377098103,0.019355675456086775,0.006297671566332814
crop_carbon_below_sp10,16,0.019884538824519273,0.019884538824519273,0.009081771843903203,0.0028075376847147785
crop_intercept_sp10,16,0.011385176404030624,0.011385176404030624,0.006646883363898719,0.0018097759907837482
crop_nitrogen_above_sp10,16,-0.007081677975078912,0.007081677975078912,0.0014323384656656417,0.0004374111624651456
crop_nitrogen_below_sp10,16,-0.00445740724010593,0.00445740724010593,0.0014506415250371406,0.0004333593057344452
crop_proj_left_delta,16,-0.0184591689109328,0.019524897541420127,0.017681420903178476,0.004950440355397114
crop_proj_yield_delta,16,0.11764283217106217,0.12118976954383184,0.050127335759783995,0.011185539096553555
crop_root_in_top_30,16,0.028694761751480214,0.02908221757562891,0.01691887285301795,0.005002483319599768
crop_root_to_shoot_sp3,16,0.014215547524470523,0.01440411897418617,0.009943649862593381,0.002605970089021734
crop_slope_sp3,16,0.002510897128757189,0.003177399003263018,0.006119972132739672,0.0018156026011275452
crop_root_to_shoot_sp10,16,0.0164291363820437,0.0164291363820437,0.0076463912642736895,0.002391103714200878
crop_slope_sp10,16,0.02239087984369892,0.02239087984369892,0.016565300638637932,0.0050158996298821715
cy0_to_ceq_multiplier,16,-0.0019712714227589413,0.009322820992007697,0.0393899386339064,0.012636194436286908
litter_carbon,16,-0.026901216207327265,0.026901216207327265,0.00780310494902046,0.00248436026746911
litter_nitrogen,16,0.023840581492758188,0.023840581492758188,0.0026222280512938575,0.0007248192172949282
mortality_fraction_branch_delta,16,-0.003857225779179582,0.008946661101244193,0.013060790858210181,0.0028103484588939786
mortality_fraction_croot_delta,16,-0.0008268509267654906,0.0030977186297211105,0.005290970223777094,0.0013286639242817593
mortality_fraction_froot_delta,16,-7.75918992929045e-05,0.0018660629965621387,0.0028593371230554803,0.0006955834748302427
mortality_fraction_leaf_delta,16,-0.0005966894170242307,0.003145365883776201,0.004561511848193059,0.0009417325860620377
mortality_fraction_stem_delta,16,-0.005124849991182653,0.020834768830725513,0.031134935643341067,0.006865050215505535
pool_alloc_froot_sp1,16,0.005640353312502016,0.05661272739882921,0.08617457410775604,0.021693616612264287
pool_alloc_leaf_sp1,16,-0.024457089694858054,0.13942111473603425,0.20957894215294173,0.04218190608257302
pool_alloc_stem_sp1,16,0.5010343121663527,0.9286213202420885,1.1151442278066916,0.21477549609093866
pool_turnover_branch_sp1,16,0.49197065221916914,0.49434653997366507,0.3750364920179925,0.09474287427650749
pool_turnover_croot_sp1,16,-0.09290867129478078,0.1191957071097673,0.18189669373062775,0.05310963075635081
pool_turnover_froot_sp1,16,-0.02251725594700713,0.037034993307574475,0.05859739323725277,0.015371087811169767
pool_turnover_leaf_sp1,16,-0.013886504932900112,0.0393719572521972,0.05228194578325023,0.011405116722884565
pool_turnover_stem_sp1,16,12.97334476598652,13.18008573656193,13.894201608951391,4.095655311192388
proj_cover,16,-0.8126193600159495,1.010305752781423,2.384262311072945,0.6881025424416756
proj_fire_off,16,0.035880585691070985,0.035880585691070985,0.0843860901557684,0.02649264881855675
proj_fire_on,16,0.39226852639375637,0.39226852639375637,0.1790629759068957,0.05674484740873689
proj_mortality,16,0.5709969173586595,0.5766839038369238,0.6572469347814569,0.1957029398202561
proj_thinning_delta,16,9.900509916354832,10.196217221106474,14.480074014375967,4.386573697903242
roth_c_cover_c,16,0.011588526162493847,0.025293410509758158,0.04125889504311873,0.01059261481015442
roth_c_dpm_frac_crop,16,-0.013140210050903711,0.013140210050903711,0.022666926493540483,0.007195449414328979
roth_c_dpm_frac_tree,16,0.009834751218035233,0.023920342384592185,0.036440374957926416,0.009482537924898423
roth_c_moisture_b_slope,16,-0.2291899379078469,0.32937006244056344,0.9349327633777472,0.2631984462758949
roth_c_temp_a1,16,0.24874135355239818,0.3297959394337416,0.45240483456425484,0.11938431058181691
roth_c_temp_a2,16,-0.26284662964072647,0.46360004018377526,0.5950341841774807,0.13529716761494304
thinning_fraction_branch_delta,16,-0.1688428857717829,0.1688428857717829,0.15146725342463,0.044600719450040426
thinning_fraction_croot_delta,16,-0.06234013258077588,0.06234013258077588,0.06482284855095088,0.01876911174210234
thinning_fraction_froot_delta,16,-0.03134707935952518,0.03134707935952518,0.03228337613753701,0.008337142071418963
thinning_fraction_leaf_delta,16,-0.042320506047553684,0.042320506047553684,0.04160031003127227,0.014166034687657907
thinning_fraction_stem_delta,16,-0.32231345490568986,0.32319060791966686,0.4595694518758728,0.1545456040078511
tree_carbon_sp1,16,-0.16670141940697575,0.9227565408583699,1.5635501915343022,0.3674550821875992
tree_nitrogen_branch_sp1,16,0.001942596887728526,0.001942596887728526,0.0006291746848651119,0.00017255366927001212
tree_nitrogen_croot_sp1,16,0.001114355791300725,0.001114355791300725,0.001157748148742694,0.00032997507022114225
tree_nitrogen_froot_sp1,16,0.02734990511733551,0.02734990511733551,0.019087642198081237,0.006024987457588562
tree_nitrogen_leaf_sp1,16,0.04282624596078402,0.04282624596078402,0.03206884476887324,0.009602763276773998
tree_nitrogen_stem_sp1,16,0.00406717072323053,0.00406717072323053,0.0017381002676372175,0.0005829152525997641
tree_root_in_top_30,16,-0.0741153610737941,0.10784377897212086,0.16452986581500195,0.04295128398961021
tree_root_to_shoot_sp1,16,-0.02320325870280209,0.1083261666227258,0.19052159147871964,0.04488137858010777
cy0,17,-0.02661694021468956,0.29039451421699647,0.6372477429137618,0.16377740741660454
clay,17,-0.018649383358695277,0.04870117494814133,0.11678701360383706,0.031933753625786473
temp_ci_delta,17,0.13700892150691626,0.19652651506403843,0.2878406504566879,0.08228383987291482
rain_ci_delta,17,0.5748438449095803,1.5019034740261479,3.602637800587975,1.0209313292008049
evap_ci_delta,17,-0.0023412512342540935,0.23290914644898547,0.5980972205414067,0.15979248211910568
ef_burn_crop_N2O_scale,17,-0.00363878812426133,0.0037515118740695493,0.002509270825381387,0.0005998161336373449
ef_burn_crop_CH4_scale,17,-0.013689076860133426,0.013890070420817729,0.009499423496897743,0.002588563420947351
ef_burn_tree_N2O_scale,17,0.00619447759720283,0.00619447759720283,0.005529548577472085,0.0016386855475297912
ef_burn_tree_CH4_scale,17,0.025061269503262616,0.025061269503262616,0.02118859523869991,0.006348749887797779
ef_N_inputs,17,-0.060530052626612076,0.0748725586952864,0.05724715927189539,0.012974239351336025
combustion_factor_crop,17,-0.015907965509252907,0.016494808245057557,0.012651134309523157,0.003403241646915912
combustion_factor_tree,17,0.03357303465623879,0.03357303465623879,0.02865280563604315,0.008197651693712615
volatile_frac_organic_fertiliser,17,-0.002875425650973726,0.002875425650973726,0.0003055624420978974,8.220332913374657e-05
volatile_frac_synthetic_fertiliser,17,0.016297396888962878,0.016297396888962878,0.001640565438636449,0.0005054828205225863
base_sf_qty_scale,17,-0.12981374696526454,0.12981374696526454,0.011684697112334441,0.003828718301943746
proj_lit_qty_scale,17,-0.0009825114685017649,0.008986557955207627,0.012800048165339714,0.003087630409820554
base_stand_density_scale,17,0.0,0.0,0.0,0.0
proj_stand_density_scale,17,0.2695857669152907,0.9108518454612241,1.0930066673782108,0.21046175740135806
tree_wood_dens_sp1,17,0.4332691992741956,0.9426454205557725,1.0019895891343622,0.15907623533852885
base_cover,17,0.2426530375321217,0.2426530375321217,0.4694452619427026,0.15344645348060088
base_fire_off,17,-0.024885313060658505,0.024885313060658505,0.08969221031413538,0.023475185917333708
base_fire_on,17,-0.0349328597400028,0.0349328597400028,0.005956144895642971,0.0018859905989436067
base_mortality,17,0.0,0.0,0.0,0.0
base_sf_n_delta,17,-0.13290163271820088,0.13290163271820088,0.0136461648336174,0.0045517714051517884
base_thinning_delta,17,0.0,0.0,0.0,0.0
crop_base_left_delta,17,0.13029787561044998,0.13029787561044998,0.03871538557195447,0.011802605174150308
crop_base_yield_delta,17,0.04764217237572323,0.04797465537899398,0.04925727949231857,0.015674437059412568
crop_carbon_above_sp3,17,0.005627182522282498,0.007824710621556114,0.00880183552796884,0.0020707336114882415
crop_carbon_below_sp3,17,0.0180814662477597,0.0187952004236318,0.01105136656475853,0.003033740458401877
crop_intercept_sp3,17,-0.0003680453707854872,0.0026563892788634873,0.003955426251763527,0.0009169226358333873
crop_nitrogen_above_sp3,17,-0.0027879445380388805,0.002921889537422498,0.0021331911774847495,0.0006244334717796095
crop_nitrogen_below_sp3,17,-0.006290349959597557,0.006290349959597557,0.0010248475026809188,0.0003213931329965191
crop_carbon_above_sp10,17,0.04603914328649511,0.04603914328649511,0.018501152490815936,0.006007868922919062
crop_carbon_below_sp10,17,0.01895561867053294,0.01895561867053294,0.008735624529684202,0.002713772046542896
crop_intercept_sp10,17,0.010715996239035219,0.010720201434089128,0.006583623837655905,0.0017850408808417824
crop_nitrogen_above_sp10,17,-0.007081677975078908,0.007081677975078908,0.0014323384656657783,0.00043741116246518634
crop_nitrogen_below_sp10,17,-0.004457407240105726,0.004457407240105726,0.0014506415250372068,0.0004333593057344695
crop_proj_left_delta,17,-0.01850917958526862,0.019592143310558516,0.01796743732956268,0.0049742290811063865
crop_proj_yield_delta,17,0.12002243786811391,0.12327035368362449,0.05046014782762122,0.011406238447464054
crop_root_in_top_30,17,0.026388637267620814,0.02684792634978423,0.016437697903399415,0.004811307931204702
crop_root_to_shoot_sp3,17,0.012887087221548518,0.013179504541957463,0.009751149917954565,0.002524230011321989
crop_slope_sp3,17,0.001850343441915428,0.0028788207198975372,0.0059034649926892595,0.0017246931203043628
crop_root_to_shoot_sp10,17,0.015502585296107319,0.015502585296107319,0.007397890082661065,0.0023071548802727835
crop_slope_sp10,17,0.020438708066863084,0.020475654515606498,0.015835407710245043,0.0047758952724992944
cy0_to_ceq_multiplier,17,-0.0017516791813519228,0.008333973869886751,0.035573979308365804,0.011443390010264736
litter_carbon,17,-0.025738699624069862,0.025738699624069862,0.007459856681606453,0.002371285338679655
litter_nitrogen,17,0.023840581492758025,0.023840581492758025,0.0026222280512941806,0.0007248192172948898
mortality_fraction_branch_delta,17,-0.004358553104596397,0.008492700881395764,0.012199932924586331,0.0026975560939358446
mortality_fraction_croot_delta,17,-0.0011725561645544614,0.003103875863684624,0.005460296546008375,0.0014119929249881199
mortality_fraction_froot_delta,17,-0.0002230119496350269,0.001703224499231254,0.002809579718507043,0.0007234668147405573
mortality_fraction_leaf_delta,17,-0.0008486372098715986,0.0028810833009373744,0.0044385174041792295,0.0009867195742847346
mortality_fraction_stem_delta,17,-0.007480531579678001,0.02084344586365224,0.033066226804755225,0.007861383914102271
pool_alloc_froot_sp1,17,0.01878782570822743,0.06215961644675768,0.08678172001362432,0.02091098412922273
pool_alloc_leaf_sp1,17,-0.009854082453677823,0.14529110197323752,0.20923909067380386,0.040338668477556794
pool_alloc_stem_sp1,17,0.3851844598494372,0.7726610681690305,0.9703565328822569,0.18517241485276428
pool_turnover_branch_sp1,17,0.36915951340413294,0.38703524153018504,0.3816810369927623,0.09227845360924891
pool_turnover_croot_sp1,17,-0.10152055491737606,0.12386452961503824,0.17669339479321852,0.0516178889454311
pool_turnover_froot_sp1,17,-0.0261521980483072,0.03719282460717091,0.05624046670946102,0.01490267239236017
pool_turnover_leaf_sp1,17,-0.018849748458040945,0.037022081974529046,0.051093516532333204,0.012528449772413545
pool_turnover_stem_sp1,17,9.679539718858411,10.770897340875129,13.400974154232827,3.694999424257535
proj_cover,17,-0.6412351605613305,0.8785912197638612,2.1886935241498824,0.6506511430324667
proj_fire_off,17,0.03588058569107102,0.03588058569107102,0.08438609015576877,0.02649264881855692
proj_fire_on,17,0.34633557341192694,0.34633557341192694,0.17136677822956808,0.05461124412244987
proj_mortality,17,0.4876366490302654,0.5051180018456576,0.7055333727618013,0.20855538858495506
proj_thinning_delta,17,11.147181675463711,11.390938753049324,12.966319661688207,3.9394820077607493
roth_c_cover_c,17,0.00826787885154832,0.021513420430183734,0.03589884614259609,0.008808357425540784
roth_c_dpm_frac_crop,17,-0.010696277848916603,0.010696277848916603,0.019552996306163074,0.00615000011982428
roth_c_dpm_frac_tree,17,-0.018961796313941327,0.0365058333939289,0.03775945360373778,0.00656956524711096
roth_c_moisture_b_slope,17,-0.17650431416448747,0.27399153588663816,0.8047607763785787,0.22632027637165794
roth_c_temp_a1,17,0.2113845446598642,0.297962054150512,0.42818966845379897,0.11077874081910101
roth_c_temp_a2,17,-0.19702444484334825,0.4079427684322624,0.5563523065838105,0.12895684114207587
thinning_fraction_branch_delta,17,0.08232000127053184,0.08232000127053184,0.0610351445802254,0.018444222662228643
thinning_fraction_croot_delta,17,0.03155909773217429,0.03155909773217429,0.025788388878782726,0.007424022640820416
thinning_fraction_froot_delta,17,0.015093267833053033,0.015093267833053033,0.012688200372474511,0.003472717794322524
thinning_fraction_leaf_delta,17,0.02481273590218903,0.02481273590218903,0.01979048526832061,0.006667907358045973
thinning_fraction_stem_delta,17,0.16338066349014863,0.16338066349014863,0.15925991448174864,0.050439842321667594
tree_carbon_sp1,17,0.15993830688152527,1.0857205023040783,1.6027902582650355,0.34585219552429547
tree_nitrogen_branch_sp1,17,0.0014780557394482308,0.0014780557394482308,0.0005834482926328515,0.00015759181311302608
tree_nitrogen_croot_sp1,17,0.0009811253147701427,0.0009811253147701427,0.0012151829733224805,0.0003567361708625884
tree_nitrogen_froot_sp1,17,0.026358585620321784,0.026358585620321784,0.019716276627207294,0.006200493109129481
tree_nitrogen_leaf_sp1,17,0.04156826522956948,0.04156826522956948,0.033587558419025706,0.010062490676569518
tree_nitrogen_stem_sp1,17,0.003300589973067769,0.003300589973067769,0.0015585948519826374,0.0005203144262009338
tree_root_in_top_30,17,-0.020170183177230443,0.10824061893704791,0.16796497568218657,0.03933660579584692
tree_root_to_shoot_sp1,17,0.012715354601291551,0.12565268570428095,0.1947290423508741,0.0408429968496727
cy0,18,-0.02666304608933053,0.26863083211209915,0.598413686070242,0.15464633726416052
clay,18,-0.010389827488439318,0.045478775123063045,0.10681148998686597,0.0287412526299969
temp_ci_delta,18,0.10193052035607877,0.180008969881496,0.27898196846787443,0.07734780084617207
rain_ci_delta,18,0.46060644342524065,1.4800931303988283,3.4129383655203775,0.9466453505181892
evap_ci_delta,18,0.04983440523482081,0.21467853740497236,0.5546239384700807,0.1612584690664314
ef_burn_crop_N2O_scale,18,-0.00363878812426123,0.0037515118740694825,0.002509270825381277,0.000599816133637365
ef_burn_crop_CH4_scale,18,-0.01368907686013356,0.013890070420817796,0.009499423496897814,0.002588563420947522
ef_burn_tree_N2O_scale,18,0.0060552222805029445,0.0060552222805029445,0.005574390436712648,0.0016569777010759668
ef_burn_tree_CH4_scale,18,0.024606815319345807,0.024606815319345807,0.021254114866469286,0.006340820863450047
ef_N_inputs,18,-0.06123011572480138,0.07715874379794704,0.060137499522288106,0.013316168104007878
combustion_factor_crop,18,-0.015907965509252775,0.01649480824505749,0.012651134309523294,0.0034032416469159028
combustion_factor_tree,18,0.03300484572572997,0.03300484572572997,0.029267545374255723,0.00837590984922241
volatile_frac_organic_fertiliser,18,-0.0028754256509738426,0.0028754256509738426,0.00030556244209781116,8.220332913374375e-05
volatile_frac_synthetic_fertiliser,18,0.01629739688896318,0.01629739688896318,0.0016405654386364463,0.0005054828205225849
base_sf_qty_scale,18,-0.12981374696526427,0.12981374696526427,0.01168469711233471,0.0038287183019438467
proj_lit_qty_scale,18,0.00024362863079473718,0.009064411618199028,0.012346902819682155,0.002859622260231487
base_stand_density_scale,18,0.0,0.0,0.0,0.0
proj_stand_density_scale,18,0.15948323857132288,0.8482816338798853,1.1080027996714292,0.23441127909018727
tree_wood_dens_sp1,18,0.3329538506184399,0.8627776780036716,0.9901162878546533,0.1754128649244053
base_cover,18,0.2315529383613594,0.2315529383613594,0.4532085919140114,0.1480453159141864
base_fire_off,18,-0.02488531306065852,0.02488531306065852,0.08969221031413543,0.02347518591733373
base_fire_on,18,-0.034932859740002695,0.034932859740002695,0.005956144895642776,0.001885990598943583
base_mortality,18,0.0,0.0,0.0,0.0
base_sf_n_delta,18,-0.13290163271820093,0.13290163271820093,0.013646164833617344,0.004551771405151769
base_thinning_delta,18,0.0,0.0,0.0,0.0
crop_base_left_delta,18,0.12583292233131754,0.12583292233131754,0.03811552095061683,0.011645043201427457
crop_base_yield_delta,18,0.041711839067072716,0.042890725790718016,0.04841838062616832,0.015128736602825904
crop_carbon_above_sp3,18,0.005276048499438033,0.007483242896857814,0.008584461072440442,0.002018724493214202
crop_carbon_below_sp3,18,0.017009763864610235,0.01790130100770741,0.011127436512801975,0.0029849097576309974
crop_intercept_sp3,18,-0.00036925302059540727,0.0025958965580145975,0.0038816475698854455,0.0009014708094724375
crop_nitrogen_above_sp3,18,-0.002787944538038839,0.002921889537422423,0.0021331911774847907,0.0006244334717796842
crop_nitrogen_below_sp3,18,-0.006290349959597699,0.006290349959597699,0.001024847502680925,0.00032139313299652444
crop_carbon_above_sp10,18,0.04394158392265038,0.04394158392265038,0.01776825243856454,0.005756980067742972
crop_carbon_below_sp10,18,0.01809511304674075,0.01809511304674075,0.008431166045648105,0.0026312590937690576
crop_intercept_sp10,18,0.010089990754954708,0.01011616044715417,0.006544514158572915,0.0017600664244677533
crop_nitrogen_above_sp10,18,-0.007081677975078858,0.007081677975078858,0.0014323384656657714,0.0004374111624651762
crop_nitrogen_below_sp10,18,-0.004457407240105677,0.004457407240105677,0.0014506415250371614,0.0004333593057344434
crop_proj_left_delta,18,-0.0182962658255858,0.019422675536168908,0.01816470902283351,0.004967183407070335
crop_proj_yield_delta,18,0.12237232291827622,0.12533376161500503,0.05077029953031144,0.011611661829158647
crop_root_in_top_30,18,0.02449974175414389,0.025028987933862303,0.016087834295077808,0.004671275844950596
crop_root_to_shoot_sp3,18,0.011886111562812168,0.012270221780409735,0.009650009382820167,0.002477734398324841
crop_slope_sp3,18,0.0013527657232218937,0.002810450536400977,0.005713513142877942,0.0016358005937314303
crop_root_to_shoot_sp10,18,0.014652125440244815,0.014652125440244815,0.007202924723243352,0.0022400000383411343
crop_slope_sp10,18,0.018634542617173126,0.01875636509185771,0.015207982019625739,0.004543049839507319
cy0_to_ceq_multiplier,18,-0.001558374829700851,0.007471499284443165,0.032134219084232384,0.010355560361184582
litter_carbon,18,-0.024646568172695515,0.024646568172695515,0.007191874138070884,0.0022831337693054623
litter_nitrogen,18,0.02384058149275809,0.02384058149275809,0.002622228051294049,0.0007248192172948804
mortality_fraction_branch_delta,18,-0.004247751042522868,0.008166929663954808,0.011612446874493011,0.0025632773308522016
mortality_fraction_croot_delta,18,-0.001288637059781772,0.0031002744914842674,0.005611188094037799,0.0014715709867995897
mortality_fraction_froot_delta,18,-0.0002592147889998009,0.0016328132465810608,0.0028052223926805005,0.0007450443862076476
mortality_fraction_leaf_delta,18,-0.0009147929611160746,0.0027773606165562028,0.004399541727118413,0.0010075500857512328
mortality_fraction_stem_delta,18,-0.008485531285209883,0.02088593534422859,0.034420157660809914,0.00843472289967468
pool_alloc_froot_sp1,18,0.012874135044237742,0.056884485831582475,0.08665736294676873,0.02229053129008811
pool_alloc_leaf_sp1,18,-0.01735113019542691,0.13611537119132952,0.20738008836743763,0.04258397070184913
pool_alloc_stem_sp1,18,0.3643138818992141,0.7652192273015286,0.9768618681067596,0.189633134219179
pool_turnover_branch_sp1,18,0.3828792119341879,0.3991817922824571,0.39627627508732893,0.09626366809172292
pool_turnover_croot_sp1,18,-0.10012942589066114,0.1228485968279848,0.17451897414753118,0.050604184739450914
pool_turnover_froot_sp1,18,-0.025361366092835524,0.03663976287698034,0.055409390082488734,0.014420408504402403
pool_turnover_leaf_sp1,18,-0.019416447733721982,0.0360938067138189,0.05128919539311802,0.013195041259753867
pool_turnover_stem_sp1,18,10.043647282072433,10.96200610016013,13.83202130639493,3.8865760220417904
proj_cover,18,-0.458111085983846,0.7780978437699001,2.0247897983961005,0.6224883287892324
proj_fire_off,18,0.0358805856910709,0.0358805856910709,0.08438609015576824,0.02649264881855672
proj_fire_on,18,0.34097217479037906,0.34097217479037906,0.17966876991262304,0.05738735435233869
proj_mortality,18,0.5082459555755461,0.5242524138260395,0.7504860725478819,0.2239999077785165
proj_thinning_delta,18,10.695358477500019,10.910205484905786,13.563012703083965,4.12566674038739
roth_c_cover_c,18,0.005007048080801252,0.018455445110698448,0.031101468455781503,0.007265564606302079
roth_c_dpm_frac_crop,18,-0.00898848069342626,0.00898848069342626,0.016867707096627875,0.005263017081603964
roth_c_dpm_frac_tree,18,-0.012908396420570808,0.029339077557301446,0.03228733663857603,0.005706290400628668
roth_c_moisture_b_slope,18,-0.12798745246183416,0.22723833621171868,0.6979008466522257,0.19597846691597315
roth_c_temp_a1,18,0.16833462606197008,0.2780943322559027,0.4132977816982126,0.10135303931417153
roth_c_temp_a2,18,-0.11151700403541472,0.4134709150024415,0.5505046942228373,0.11703380882576497
thinning_fraction_branch_delta,18,0.04520920936720107,0.04520920936720107,0.032382672927874,0.009868153355767819
thinning_fraction_croot_delta,18,0.01709396232950765,0.01709396232950765,0.01276497314540143,0.0036179022367858558
thinning_fraction_froot_delta,18,0.008522257344998493,0.008522257344998493,0.006724266182630255,0.0017973826547423482
thinning_fraction_leaf_delta,18,0.013452586343753065,0.013452586343753065,0.010327027529319755,0.0034105793720245973
thinning_fraction_stem_delta,18,0.08700891703086629,0.08700891703086629,0.07913776661132048,0.024428469204073343
tree_carbon_sp1,18,0.0552835386548718,1.0204137792585315,1.6267863633489652,0.36976865226958655
tree_nitrogen_branch_sp1,18,0.0014425937232002916,0.0014425937232002916,0.0006106726587262482,0.00016507595338467176
tree_nitrogen_croot_sp1,18,0.0009749534619744593,0.0009749534619744593,0.00127015960233926,0.0003735996037746923
tree_nitrogen_froot_sp1,18,0.026127016808631304,0.026127016808631304,0.02052266808621637,0.0064592106153057004
tree_nitrogen_leaf_sp1,18,0.04133460878664948,0.04133460878664948,0.035375924043878626,0.01058876072211019
tree_nitrogen_stem_sp1,18,0.003184212304433859,0.003184212304433859,0.0015802752389706307,0.000527067613135327
tree_root_in_top_30,18,-0.031804174158914025,0.10226084274516292,0.16739637640078212,0.041016808875691015
tree_root_to_shoot_sp1,18,0.001644212023662997,0.12038150320832083,0.1976077155603125,0.04320151296917281
cy0,19,-0.026735178963630746,0.24840867480198195,0.5610871043836375,0.14576293771428386
clay,19,-0.006209067819002956,0.0412547386240939,0.09552164785879862,0.025741842650292814
temp_ci_delta,19,0.0997114864574,0.1723382893578438,0.2719795728848796,0.07717685031342442
rain_ci_delta,19,0.4221796358041038,1.4428515645238018,3.2642639690364117,0.8930584000070911
evap_ci_delta,19,0.07158856562263835,0.21841632990819698,0.5449009488869002,0.1599542301698998
ef_burn_crop_N2O_scale,19,-0.003638788124261355,0.0037515118740694075,0.0025092708253810045,0.0005998161336372688
ef_burn_crop_CH4_scale,19,-0.01368907686013351,0.013890070420817746,0.009499423496897468,0.0025885634209473884
ef_burn_tree_N2O_scale,19,0.005930618749461122,0.005930618749461122,0.005632853489589958,0.0016786507046321255
ef_burn_tree_CH4_scale,19,0.024203993628093782,0.024203993628093782,0.02138098529785827,0.006356555352209095
ef_N_inputs,19,-0.061797025642770606,0.07935419754112408,0.06307492659435447,0.013681099573946625
combustion_factor_crop,19,-0.015907965509253073,0.01649480824505779,0.012651134309523152,0.0034032416469158893
combustion_factor_tree,19,0.03250851413221442,0.03250851413221442,0.029922492382461214,0.0085701783132236
volatile_frac_organic_fertiliser,19,-0.0028754256509738257,0.0028754256509738257,0.0003055624420978467,8.22033291337612e-05
volatile_frac_synthetic_fertiliser,19,0.016297396888963027,0.016297396888963027,0.0016405654386364404,0.0005054828205225763
base_sf_qty_scale,19,-0.12981374696526463,0.12981374696526463,0.011684697112334093,0.0038287183019435973
proj_lit_qty_scale,19,0.001382587745856928,0.009308737253112936,0.01198537870363706,0.0026375490556282788
base_stand_density_scale,19,0.0,0.0,0.0,0.0
proj_stand_density_scale,19,0.10300830964709382,0.8140373834529029,1.119031921726913,0.25072860609510006
tree_wood_dens_sp1,19,0.27926438589712665,0.8182036684401979,0.9834227840685154,0.1849862693188369
base_cover,19,0.22132441500583125,0.22138824485350544,0.4384047439662175,0.14314317173363872
base_fire_off,19,-0.024885313060658488,0.024885313060658488,0.08969221031413531,0.023475185917333694
base_fire_on,19,-0.034932859740002535,0.034932859740002535,0.005956144895642777,0.0018859905989435947
base_mortality,19,0.0,0.0,0.0,0.0
base_sf_n_delta,19,-0.1329016327182006,0.1329016327182006,0.01364616483361745,0.004551771405151935
base_thinning_delta,19,0.0,0.0,0.0,0.0
crop_base_left_delta,19,0.12160596729648723,0.12160596729648723,0.037652567796564916,0.011532851844082728
crop_base_yield_delta,19,0.036043388757540255,0.038108270918523215,0.04761346227598353,0.014636959654903721
crop_carbon_above_sp3,19,0.004983933777956337,0.007200352422514119,0.00840507754169417,0.0019754003859991107
crop_carbon_below_sp3,19,0.016121661180808888,0.017172297664232606,0.011224039273187334,0.0029598563334778125
crop_intercept_sp3,19,-0.00036905071702435374,0.002543836015046393,0.0038219314080302587,0.0008901401611776423
crop_nitrogen_above_sp3,19,-0.0027879445380392053,0.0029218895374227894,0.002133191177484789,0.0006244334717796414
crop_nitrogen_below_sp3,19,-0.00629034995959755,0.00629034995959755,0.0010248475026810215,0.0003213931329965477
crop_carbon_above_sp10,19,0.041993037891144204,0.041993037891144204,0.017135587199050745,0.005538947444820805
crop_carbon_below_sp10,19,0.017293666539032117,0.017293666539032117,0.008160947159048023,0.002557779974253765
crop_intercept_sp10,19,0.00950060456337951,0.009547604205103644,0.006524795241078083,0.0017436269308840596
crop_nitrogen_above_sp10,19,-0.007081677975078862,0.007081677975078862,0.00143233846566593,0.0004374111624652307
crop_nitrogen_below_sp10,19,-0.004457407240105601,0.004457407240105601,0.0014506415250371868,0.0004333593057344878
crop_proj_left_delta,19,-0.017943020230055007,0.019132006231809173,0.018286456857103818,0.004936279194146889
crop_proj_yield_delta,19,0.12467053630303837,0.1273582721364176,0.05105948245160589,0.011803656900244175
crop_root_in_top_30,19,0.02286818948565619,0.02346549940832863,0.01584003842832118,0.004571855333709699
crop_root_to_shoot_sp3,19,0.0110636110754918,0.011529072263549725,0.009609901607337613,0.002456561221875284
crop_slope_sp3,19,0.0009473294402173316,0.002783437418931706,0.00554544982470668,0.0015606053022848279
crop_root_to_shoot_sp10,19,0.013865650389911041,0.013865650389911041,0.007049178806794865,0.002186191999968074
crop_slope_sp10,19,0.01695563143975833,0.01715827610621497,0.014665208956362134,0.004340820574600901
cy0_to_ceq_multiplier,19,-0.0013886687476429127,0.0066954532154559765,0.02902588005453158,0.009368554506054609
litter_carbon,19,-0.023617780395551683,0.023617780395551683,0.006984039716007814,0.002214914261231482
litter_nitrogen,19,0.0238405814927581,0.0238405814927581,0.002622228051293929,0.0007248192172948888
mortality_fraction_branch_delta,19,-0.0038883293099963466,0.00781775423982643,0.011150715569095198,0.002450981207667308
mortality_fraction_croot_delta,19,-0.0013090184809927852,0.0030820844412194235,0.005751485167867285,0.0015204638971596152
mortality_fraction_froot_delta,19,-0.000252122601320319,0.0016000390947636875,0.0028209630996122925,0.0007626778538956352
mortality_fraction_leaf_delta,19,-0.0009050152725577521,0.002722790462980784,0.0044013760851974145,0.0010247442866976317
mortality_fraction_stem_delta,19,-0.00889687861983468,0.020920364877257437,0.03540900406371959,0.008774155179261584
pool_alloc_froot_sp1,19,0.01089379031831188,0.05451424193245811,0.08670136038253783,0.022945921743341348
pool_alloc_leaf_sp1,19,-0.019827921101589024,0.13138427583928883,0.20739525379785947,0.04400298589059656
pool_alloc_stem_sp1,19,0.33844472194417985,0.7497418677298561,0.9746074636651805,0.19254548506356856
pool_turnover_branch_sp1,19,0.3843890283434168,0.40079531476465585,0.40955290241474884,0.09960703857816194
pool_turnover_croot_sp1,19,-0.09480064873593583,0.1191673789945756,0.17328684947289325,0.049824780069601296
pool_turnover_froot_sp1,19,-0.022919406431345695,0.03516048690193095,0.05518735028809694,0.01410411267566409
pool_turnover_leaf_sp1,19,-0.018161970316615077,0.03512311351065721,0.05159841390545332,0.013633775931718935
pool_turnover_stem_sp1,19,10.123325177457696,11.020828078114413,14.231547992400937,4.029363209140643
proj_cover,19,-0.3682614157736751,0.7327917580899684,1.891806093531518,0.5844272950486604
proj_fire_off,19,0.035880585691071054,0.035880585691071054,0.08438609015576848,0.02649264881855678
proj_fire_on,19,0.33618547539037746,0.33618547539037746,0.18799145168571332,0.06016853521566611
proj_mortality,19,0.5201197423853807,0.5363103001653942,0.7986522117926673,0.2401701253687907
proj_thinning_delta,19,10.438308426614466,10.654982451291167,14.067714839721956,4.28019704012689
roth_c_cover_c,19,0.004667296278346547,0.01727320244268812,0.028382418007264737,0.006539045607700721
roth_c_dpm_frac_crop,19,-0.0077173516716592646,0.0077173516716592646,0.014572595995865821,0.00451641158663686
roth_c_dpm_frac_tree,19,-0.008522813781766506,0.02447397439448195,0.02941628084120398,0.005686093778677181
roth_c_moisture_b_slope,19,-0.09276075379944157,0.18682989756801466,0.609985315842185,0.17146180504787661
roth_c_temp_a1,19,0.17393343786272636,0.27233703005031956,0.3945717899139562,0.09631076880376598
roth_c_temp_a2,19,-0.12310010971072685,0.41692351822061796,0.5599490164306649,0.11924258196920628
thinning_fraction_branch_delta,19,0.028580790809901446,0.028580790809901446,0.022928113855207696,0.007253603932941184
thinning_fraction_croot_delta,19,0.010469165778569062,0.010469165778569062,0.008025705831358169,0.0022827755552209416
thinning_fraction_froot_delta,19,0.00544817183410648,0.00544817183410648,0.00431229643883614,0.0011527319875876724
thinning_fraction_leaf_delta,19,0.008317675498118871,0.008317675498118871,0.006707098810234794,0.0020996810098676618
thinning_fraction_stem_delta,19,0.052520204963137765,0.052520204963137765,0.04378794233972523,0.01306741455040474
tree_carbon_sp1,19,-0.006047313435368473,0.9917833611714701,1.6547473955558163,0.3877135301843299
tree_nitrogen_branch_sp1,19,0.0014090468712012582,0.0014090468712012582,0.0006367312186173593,0.00017238202358190656
tree_nitrogen_croot_sp1,19,0.0009705268124224203,0.0009705268124224203,0.0013273564199680218,0.0003911082208049178
tree_nitrogen_froot_sp1,19,0.0259328393595623,0.0259328393595623,0.021327075526842532,0.006717116521840491
tree_nitrogen_leaf_sp1,19,0.04116536795520305,0.04116536795520305,0.037188780455100184,0.011120639247399478
tree_nitrogen_stem_sp1,19,0.0030802181502786853,0.0030802181502786853,0.0016032760460549102,0.000533980451613381
tree_root_in_top_30,19,-0.036048669565950646,0.09944374959612015,0.16874315628165767,0.04227795389238233
tree_root_to_shoot_sp1,19,-0.005385904438581349,0.11732170080214692,0.2010520195145178,0.045222022128524546
cy0,20,-0.026813491541639478,0.23032312056889775,0.5253057600808099,0.13690394727070093
clay,20,-0.004257613670540861,0.03653256334176915,0.0841016970811907,0.02287472688898414
temp_ci_delta,20,0.10516902145658044,0.16803287526340935,0.2685523033974289,0.07866216101757378
rain_ci_delta,20,0.4199800726356295,1.3965476062440023,3.1426852726891807,0.851643984477483
evap_ci_delta,20,0.07675522492360796,0.22413143786465645,0.543426818155671,0.15488904723334238
ef_burn_crop_N2O_scale,20,-0.003638788124261222,0.003751511874069324,0.0025092708253813063,0.0005998161336373913
ef_burn_crop_CH4_scale,20,-0.013689076860133442,0.013890070420817746,0.009499423496897797,0.002588563420947525
ef_burn_tree_N2O_scale,20,0.005818984711506073,0.005818984711506073,0.005703650232556717,0.0017033790377759025
ef_burn_tree_CH4_scale,20,0.023847464807150505,0.023847464807150505,0.02156491627087665,0.006394209137007466
ef_N_inputs,20,-0.06224503183303689,0.081470536871652,0.06606306927943333,0.014073366551745911
combustion_factor_crop,20,-0.015907965509253073,0.016494808245057724,0.012651134309522933,0.0034032416469158386
combustion_factor_tree,20,0.032075729696987944,0.032075729696987944,0.03061348603227647,0.008778645725571991
volatile_frac_organic_fertiliser,20,-0.002875425650973809,0.002875425650973809,0.00030556244209794256,8.220332913377862e-05
volatile_frac_synthetic_fertiliser,20,0.01629739688896287,0.01629739688896287,0.001640565438636159,0.0005054828205224609
base_sf_qty_scale,20,-0.1298137469652647,0.1298137469652647,0.011684697112334236,0.0038287183019436407
proj_lit_qty_scale,20,0.0024445421963355694,0.009603483970123955,0.011698237196941288,0.002458752592965663
base_stand_density_scale,20,0.0,0.0,0.0,0.0
proj_stand_density_scale,20,0.0709450720037934,0.7927267395241022,1.1266923596676055,0.26186647349675163
tree_wood_dens_sp1,20,0.2464802197819028,0.7895263644954603,0.9779438836303652,0.19065718177511212
base_cover,20,0.21187310895933303,0.21215941542479194,0.4248542661080243,0.1386751023139502
base_fire_off,20,-0.02488531306065847,0.02488531306065847,0.08969221031413528,0.02347518591733368
base_fire_on,20,-0.03493285974000269,0.03493285974000269,0.005956144895642678,0.0018859905989435423
base_mortality,20,0.0,0.0,0.0,0.0
base_sf_n_delta,20,-0.13290163271820102,0.13290163271820102,0.013646164833617339,0.0045517714051517685
base_thinning_delta,20,0.0,0.0,0.0,0.0
crop_base_left_delta,20,0.11759853170653271,0.11759853170653271,0.03730019537542285,0.011456470602730147
crop_base_yield_delta,20,0.030624163834215352,0.03409535250892877,0.04683712452304425,0.014097847580122471
crop_carbon_above_sp3,20,0.004727340296891658,0.006953253249235486,0.008254580962903891,0.0019396333322636702
crop_carbon_below_sp3,20,0.015346791513921145,0.01654045453273562,0.011327517847569904,0.0029506726521696925
crop_intercept_sp3,20,-0.0003675351742380234,0.002500741808834225,0.0037732531155431383,0.0008815080274464193
crop_nitrogen_above_sp3,20,-0.0027879445380388475,0.002921889537422431,0.0021331911774849104,0.0006244334717796914
crop_nitrogen_below_sp3,20,-0.006290349959597599,0.006290349959597599,0.0010248475026808485,0.00032139313299649923
crop_carbon_above_sp10,20,0.04017412781062859,0.04017412781062859,0.016584958935978267,0.00534850688961294
crop_carbon_below_sp10,20,0.016543870563828163,0.016543870563828163,0.007920214087795936,0.0024921733710646854
crop_intercept_sp10,20,0.008944022349046047,0.009038866477556853,0.006519360863349452,0.001732028532837254
crop_nitrogen_above_sp10,20,-0.0070816779750791535,0.0070816779750791535,0.001432338465665509,0.0004374111624651053
crop_nitrogen_below_sp10,20,-0.00445740724010561,0.00445740724010561,0.0014506415250371075,0.0004333593057344854
crop_proj_left_delta,20,-0.01751415014368276,0.018778908767981658,0.01834734548889856,0.0048915345660009504
crop_proj_yield_delta,20,0.1269054106954731,0.12933197373037508,0.051328660455234015,0.011983438572324511
crop_root_in_top_30,20,0.021408329392161248,0.02207177418504279,0.015669333449305746,0.004504327018618869
crop_root_to_shoot_sp3,20,0.010347809348479276,0.010885836014167195,0.009608710177243593,0.002453327026238519
crop_slope_sp3,20,0.0005990036793854403,0.0027950469653502175,0.005395758229111324,0.0014874104849622897
crop_root_to_shoot_sp10,20,0.013133247692979941,0.013133247692979941,0.0069280432380531415,0.0021429115476251045
crop_slope_sp10,20,0.01538388581317372,0.015663414316377116,0.014193184922249975,0.0041651203148513295
cy0_to_ceq_multiplier,20,-0.0012404068210498027,0.00602445893879249,0.02621107913872491,0.008466700226442053
litter_carbon,20,-0.022646424970303242,0.022646424970303242,0.0068240488010701044,0.002162596198585054
litter_nitrogen,20,0.023840581492757976,0.023840581492757976,0.0026222280512941043,0.0007248192172948727
mortality_fraction_branch_delta,20,-0.0034353828638996886,0.007505797064661196,0.010760021931999032,0.0023499486805400823
mortality_fraction_croot_delta,20,-0.0012895621099285714,0.003065035103780095,0.005888451732407415,0.001565109105929847
mortality_fraction_froot_delta,20,-0.0002289612054060891,0.0015827503095401957,0.0028461182907190507,0.0007783314617652053
mortality_fraction_leaf_delta,20,-0.0008650592781543814,0.002692977413881256,0.00442507679428078,0.0010401919404181583
mortality_fraction_stem_delta,20,-0.00904514397195023,0.02090789471160448,0.03618695140993644,0.009009956001192922
pool_alloc_froot_sp1,20,0.010586913678114953,0.05327350093808486,0.08685062481983769,0.023361159226301505
pool_alloc_leaf_sp1,20,-0.020098218436661947,0.12880986068586037,0.20824448703446147,0.04501134160769627
pool_alloc_stem_sp1,20,0.3112240233567774,0.7305591617933662,0.9682873136717934,0.19489322749775811
pool_turnover_branch_sp1,20,0.3803857643149432,0.3980238719893524,0.421605844336358,0.10225429585101103
pool_turnover_croot_sp1,20,-0.08811373704552511,0.11470688924226762,0.17244875048207703,0.049144477354382834
pool_turnover_froot_sp1,20,-0.019956919515231115,0.033564455431114595,0.05526311864346698,0.013863947673185455
pool_turnover_leaf_sp1,20,-0.01618589357582529,0.03427013478839198,0.05181144130111404,0.01391534893773973
pool_turnover_stem_sp1,20,10.08893523314292,11.020890095839636,14.592477784526471,4.14524174874206
proj_cover,20,-0.32803444410390653,0.6842453212559128,1.773781168457404,0.5531934934719344
proj_fire_off,20,0.03588058569107102,0.03588058569107102,0.08438609015576848,0.02649264881855678
proj_fire_on,20,0.3319071202806649,0.3319071202806649,0.1963604867353982,0.06296255737621997
proj_mortality,20,0.5283580218998702,0.545321513192712,0.8488710757001604,0.2568667650145017
proj_thinning_delta,20,10.27257366559512,10.521085288970653,14.502840417774303,4.408942183657938
roth_c_cover_c,20,0.005025201346175112,0.016648826566152408,0.027008672876424982,0.006296245350382585
roth_c_dpm_frac_crop,20,-0.006725022363752717,0.006725022363752717,0.012616446492714895,0.0038886728235781294
roth_c_dpm_frac_tree,20,-0.006173238056443981,0.02190843001673261,0.027799275646532152,0.005722416216745183
roth_c_moisture_b_slope,20,-0.06506965482716832,0.1578824305024221,0.5418134711845204,0.15122151361618477
roth_c_temp_a1,20,0.1887289180265704,0.2672397753658996,0.38030759941655473,0.09458290079527429
roth_c_temp_a2,20,-0.15535680584381464,0.41581124641846534,0.5749513676054651,0.12773754571995308
thinning_fraction_branch_delta,20,0.020597149215488258,0.020597149215488258,0.019911274814433947,0.006497988307717186
thinning_fraction_croot_delta,20,0.007283880254421888,0.007283880254421888,0.006448535386652219,0.0018895546106978737
thinning_fraction_froot_delta,20,0.00390663228682211,0.00390663228682211,0.003324714634867099,0.0009158980440739906
thinning_fraction_leaf_delta,20,0.005934576138445208,0.005934576138445208,0.005432386435497373,0.0016255204104705515
thinning_fraction_stem_delta,20,0.03605883342977265,0.03605883342977265,0.030286706747104594,0.009124114171987517
tree_carbon_sp1,20,-0.04744315864451406,0.9763655157607797,1.6840282515435465,0.40311297646057387
tree_nitrogen_branch_sp1,20,0.0013773134249829623,0.0013773134249829623,0.0006616412423337845,0.00017947759773113067
tree_nitrogen_croot_sp1,20,0.00096768457277778,0.00096768457277778,0.0013866520994088782,0.0004092293560388861
tree_nitrogen_froot_sp1,20,0.02577177997676975,0.02577177997676975,0.02213073969539948,0.006974609660428062
tree_nitrogen_leaf_sp1,20,0.04105448456037049,0.04105448456037049,0.039027111500973335,0.011658492327087103
tree_nitrogen_stem_sp1,20,0.0029869315116745816,0.0029869315116745816,0.001627431114798944,0.0005410684073535073
tree_root_in_top_30,20,-0.037212263357935024,0.09797543563881717,0.17095244470884563,0.04335702740002971
tree_root_to_shoot_sp1,20,-0.010416831824697954,0.11528891234440364,0.2046395119772062,0.047005536362000805
cy0,21,-0.02688580558608279,0.2151309981809429,0.4910861510703216,0.12792124860183632
clay,21,-0.0033716866384462946,0.03177834031283619,0.07413431434364043,0.020453446617829617
temp_ci_delta,21,0.11020354338417318,0.16590267944178336,0.26828631802906583,0.08050073622489437
rain_ci_delta,21,0.4317616426381371,1.3483194201154887,3.0416199739973893,0.8179543875055093
evap_ci_delta,21,0.07438741763171311,0.22470082921403395,0.5417330232619612,0.14888710410735084
ef_burn_crop_N2O_scale,21,-0.003638788124261538,0.0037515118740696573,0.0025092708253814052,0.0005998161336374099
ef_burn_crop_CH4_scale,21,-0.013689076860133192,0.013890070420817496,0.009499423496897724,0.0025885634209474517
ef_burn_tree_N2O_scale,21,0.005718870925710606,0.005718870925710606,0.005785666678824542,0.0017308934888399371
ef_burn_tree_CH4_scale,21,0.02353254631471396,0.02353254631471396,0.02180201233089165,0.006452189093452754
ef_N_inputs,21,-0.06258678838656477,0.08351728634214543,0.06910330615222365,0.01449620085831153
combustion_factor_crop,21,-0.0159079655092529,0.01649480824505748,0.012651134309523015,0.0034032416469158364
combustion_factor_tree,21,0.03169931148350818,0.03169931148350818,0.03133710955551874,0.008999805823036135
volatile_frac_organic_fertiliser,21,-0.0028754256509737758,0.0028754256509737758,0.00030556244209785843,8.220332913377634e-05
volatile_frac_synthetic_fertiliser,21,0.016297396888963204,0.016297396888963204,0.0016405654386365512,0.000505482820522609
base_sf_qty_scale,21,-0.1298137469652647,0.1298137469652647,0.011684697112334509,0.0038287183019437804
proj_lit_qty_scale,21,0.0034380896962829754,0.009920775332683363,0.011471294317119648,0.0023234756897039
base_stand_density_scale,21,0.0,0.0,0.0,0.0
proj_stand_density_scale,21,0.050691978526773165,0.7775341434000758,1.1322437481851044,0.27004463970471965
tree_wood_dens_sp1,21,0.22399683040610513,0.7687416612066086,0.9731287635202029,0.19437421614923237
base_cover,21,0.20311801820956782,0.20359865657437,0.4124057570446176,0.13459132298895704
base_fire_off,21,-0.024885313060658505,0.024885313060658505,0.08969221031413536,0.023475185917333705
base_fire_on,21,-0.03493285974000264,0.03493285974000264,0.005956144895642569,0.0018859905989435028
base_mortality,21,0.0,0.0,0.0,0.0
base_sf_n_delta,21,-0.13290163271820074,0.13290163271820074,0.013646164833617374,0.004551771405151771
base_thinning_delta,21,0.0,0.0,0.0,0.0
crop_base_left_delta,21,0.11379347363940547,0.11379347363940547,0.03703605335282465,0.011408143537904307
crop_base_yield_delta,21,0.025439325587030825,0.030383874966647174,0.04608616122771087,0.01363306156022111
crop_carbon_above_sp3,21,0.004494700584275249,0.006731107028945929,0.008126528566808412,0.0019097216561391652
crop_carbon_below_sp3,21,0.014648449803965305,0.01597130148256928,0.01143054323695909,0.002952478063394761
crop_intercept_sp3,21,-0.00036527570495171606,0.002462552825147056,0.003733227107702752,0.0008755684877847304
crop_nitrogen_above_sp3,21,-0.002787944538038922,0.0029218895374224394,0.002133191177484894,0.0006244334717797574
crop_nitrogen_below_sp3,21,-0.0062903499595976155,0.0062903499595976155,0.0010248475026808418,0.0003213931329964649
crop_carbon_above_sp10,21,0.03846895080931173,0.03846895080931173,0.01610285424650224,0.0051814081357170845
crop_carbon_below_sp10,21,0.015839603669798523,0.015839603669798523,0.007705188311110971,0.0024335681585401395
crop_intercept_sp10,21,0.008416928922338255,0.008581942625227892,0.0065254158886579585,0.001719051885297612
crop_nitrogen_above_sp10,21,-0.007081677975079037,0.007081677975079037,0.001432338465665645,0.0004374111624651248
crop_nitrogen_below_sp10,21,-0.004457407240105743,0.004457407240105743,0.001450641525037185,0.00043335930573450425
crop_proj_left_delta,21,-0.01704508983982412,0.018384912313732144,0.018360336892515754,0.004840236129956994
crop_proj_yield_delta,21,0.1290711751089016,0.13124868464245595,0.05157866815220059,0.012151902687319673
crop_root_in_top_30,21,0.02007277671186073,0.02080043800389223,0.015555783187988146,0.004461176964489945
crop_root_to_shoot_sp3,21,0.009702389402071066,0.010305351563112386,0.009631172442783838,0.002462385612588588
crop_slope_sp3,21,0.0002879154402847667,0.0028443630456584405,0.0052616014821105644,0.0014165915671259864
crop_root_to_shoot_sp10,21,0.0124481193239106,0.0124481193239106,0.006833183113388294,0.002108306436894163
crop_slope_sp10,21,0.013907550437838747,0.014302397975254746,0.013780349635280246,0.003996152143928437
cy0_to_ceq_multiplier,21,-0.0011123719090981837,0.005450052650800693,0.02365664407001069,0.00763911791923398
litter_carbon,21,-0.021727479771016557,0.021727479771016557,0.006701937431897799,0.002122905977309596
litter_nitrogen,21,0.02384058149275785,0.02384058149275785,0.002622228051294124,0.000724819217294865
mortality_fraction_branch_delta,21,-0.0029600260697165174,0.007226760340276542,0.010416407101028676,0.002265642409816746
mortality_fraction_croot_delta,21,-0.001255568262041601,0.0030505326559628508,0.006025207525625323,0.0016090928232422139
mortality_fraction_froot_delta,21,-0.00020151244452286664,0.001574877197092117,0.0028760757454743342,0.0007915780246382339
mortality_fraction_leaf_delta,21,-0.000814977921235785,0.0026815760104112046,0.004461531043773619,0.0010547666779031504
mortality_fraction_stem_delta,21,-0.009082715774563358,0.020864081095020418,0.036845081113658924,0.009195399219472114
pool_alloc_froot_sp1,21,0.01098431172187168,0.05270497492621416,0.08711490462325427,0.023630037294982895
pool_alloc_leaf_sp1,21,-0.019453601621768367,0.12764728406911693,0.20953906731266017,0.04576615915112538
pool_alloc_stem_sp1,21,0.28426868096820623,0.7096004026380531,0.9600665774945881,0.19712400969305974
pool_turnover_branch_sp1,21,0.37372247779844125,0.3929399104092831,0.43248984606201935,0.10450665731190006
pool_turnover_croot_sp1,21,-0.08121375584078329,0.11004849685361844,0.17186940363488218,0.04861763618800326
pool_turnover_froot_sp1,21,-0.0169594361186299,0.03225044142926416,0.0555259806964348,0.013723507574000232
pool_turnover_leaf_sp1,21,-0.013987533113047304,0.033750996479950855,0.05193371420997635,0.014078571161261277
pool_turnover_stem_sp1,21,10.006016361348165,10.996097308442515,14.915543716621354,4.242100985825529
proj_cover,21,-0.31009353193258166,0.6387112987364303,1.6662624812733535,0.5246921516525408
proj_fire_off,21,0.035880585691070936,0.035880585691070936,0.08438609015576826,0.026492648818556713
proj_fire_on,21,0.32807748955051375,0.32807748955051375,0.2047937142075552,0.06577472409711814
proj_mortality,21,0.5351027204923239,0.5529966447773786,0.900617290458664,0.2740252861831894
proj_thinning_delta,21,10.154462190949072,10.440694518296958,14.891063280155933,4.522701512992319
roth_c_cover_c,21,0.0053866415704118265,0.016247394643323677,0.026302147143622247,0.006280888352021039
roth_c_dpm_frac_crop,21,-0.005922878387075453,0.005922878387075453,0.010949678791629506,0.0033600530912883627
roth_c_dpm_frac_tree,21,-0.004894506709615154,0.02034220546829235,0.0268242817825,0.005784970276806554
roth_c_moisture_b_slope,21,-0.0422111753105537,0.15306504107875438,0.4914492669211267,0.13399910022449948
roth_c_temp_a1,21,0.20073978224243572,0.2610939761660277,0.37264241234425116,0.09500428914420062
roth_c_temp_a2,21,-0.18246827922070968,0.42013126901855385,0.5932820158767972,0.1368618102960458
thinning_fraction_branch_delta,21,0.01659021837134093,0.01659021837134093,0.018529417005712145,0.006120284951055753
thinning_fraction_croot_delta,21,0.00570964902254314,0.005816520913431855,0.005853701250107141,0.0017484113940120353
thinning_fraction_froot_delta,21,0.0031090448425787507,0.0031090448425787507,0.0028706999867705546,0.0008139808204842091
thinning_fraction_leaf_delta,21,0.004816925689219145,0.004816925689219145,0.004972874954157545,0.0014664780412620899
thinning_fraction_stem_delta,21,0.02794092704566039,0.028119195849055766,0.02714794811989574,0.008549311218861362
tree_carbon_sp1,21,-0.07870882288267947,0.967598830940885,1.7136067333636806,0.4169703799492431
tree_nitrogen_branch_sp1,21,0.0013472904397907992,0.0013472904397907992,0.0006854562353795739,0.00018634911997625778
tree_nitrogen_croot_sp1,21,0.0009662825396790448,0.0009662825396790448,0.0014479174858512678,0.0004279272946131866
tree_nitrogen_froot_sp1,21,0.025640102415681144,0.025640102415681144,0.022934348401188853,0.007231910232387563
tree_nitrogen_leaf_sp1,21,0.040996454866184195,0.040996454866184195,0.040890882491755924,0.012202398061557979
tree_nitrogen_stem_sp1,21,0.002902942264695829,0.002902942264695829,0.0016526705918735293,0.0005483541659201555
tree_root_in_top_30,21,-0.0370625761128542,0.09713314608846883,0.17363944685696783,0.04438537755580819
tree_root_to_shoot_sp1,21,-0.014339118402184759,0.11379475363810151,0.20821881046701649,0.0486227024107321
cy0,22,-0.026943071921714235,0.20097723411363097,0.45842830860649675,0.11926502141912453
clay,22,-0.0009645001150626331,0.030164380952636256,0.07002743109097734,0.01918931346890884
temp_ci_delta,22,0.10501888763779595,0.16285476470278049,0.2699002570274118,0.08125719073563185
rain_ci_delta,22,0.4132899080653093,1.2964210873025,2.9313220719704804,0.7826041021228201
evap_ci_delta,22,0.07891407073471403,0.22254017679016366,0.5401326545990982,0.1466236821831417
ef_burn_crop_N2O_scale,22,-0.003949973246800105,0.004030217422208189,0.002500904991259084,0.0006045975340585096
ef_burn_crop_CH4_scale,22,-0.014834613573782907,0.014975786882222297,0.009501749994655417,0.0026422060556693275
ef_burn_tree_N2O_scale,22,0.005629020072573268,0.005629020072573268,0.005877904325017748,0.001760959652550527
ef_burn_tree_CH4_scale,22,0.023255098277218368,0.023255098277218368,0.022088611668521635,0.0065289972173084064
ef_N_inputs,22,-0.06736901349590185,0.08907401940875477,0.07209780709902594,0.014804822862236814
combustion_factor_crop,22,-0.01732229242977683,0.01776209611735956,0.01270621612105924,0.003488334907535128
combustion_factor_tree,22,0.031373006358571986,0.031373006358571986,0.03209039731716443,0.009232354032045984
volatile_frac_organic_fertiliser,22,-0.0028754256509737675,0.0028754256509737675,0.00030556244209781306,8.220332913375397e-05
volatile_frac_synthetic_fertiliser,22,0.016297396888962846,0.016297396888962846,0.0016405654386361696,0.000505482820522468
base_sf_qty_scale,22,-0.12981374696526435,0.12981374696526435,0.01168469711233465,0.0038287183019438584
proj_lit_qty_scale,22,0.004370410837542355,0.010313100572554718,0.011292809788822324,0.0021932951838960833
base_stand_density_scale,22,0.0,0.0,0.0,0.0
proj_stand_density_scale,22,0.03644128721216049,0.7653441683809831,1.1364522626657214,0.27648364308333
tree_wood_dens_sp1,22,0.20698365029277038,0.7528525878337431,0.9686036766211913,0.1966605059064493
base_cover,22,0.19498971562769177,0.19563906713946597,0.40093164685817106,0.13084522014577982
base_fire_off,22,-0.024885313060658505,0.024885313060658505,0.08969221031413536,0.023475185917333705
base_fire_on,22,-0.03493285974000294,0.03493285974000294,0.005956144895642976,0.001885990598943672
base_mortality,22,0.0,0.0,0.0,0.0
base_sf_n_delta,22,-0.13290163271820082,0.13290163271820082,0.013646164833617296,0.004551771405151731
base_thinning_delta,22,0.0,0.0,0.0,0.0
crop_base_left_delta,22,0.11017587565736457,0.11017587565736457,0.03684278919066166,0.011381625075867131
crop_base_yield_delta,22,0.02047760248989678,0.027710188325409946,0.045357544387229054,0.013075605424587375
crop_carbon_above_sp3,22,0.01691611603705226,0.01709891352830429,0.006909897833743843,0.002053044211720548
crop_carbon_below_sp3,22,0.05209635097687053,0.05209635097687053,0.012322225948438641,0.0038671064657807624
crop_intercept_sp3,22,-0.0003621416866394861,0.002428388498164016,0.003700001182474227,0.0008717985888286472
crop_nitrogen_above_sp3,22,-0.00419290412905938,0.00420215634579407,0.002013372278427498,0.0006350256518790736
crop_nitrogen_below_sp3,22,-0.009395530786934145,0.009395530786934145,0.001373147458226045,0.00042146546856265774
crop_carbon_above_sp10,22,0.03686588222405179,0.03686588222405179,0.015677497253237072,0.005034046324068447
crop_carbon_below_sp10,22,0.015176412408629205,0.015176412408629205,0.00751150863593924,0.0023805002958873786
crop_intercept_sp10,22,0.00791716429853747,0.008201724163251654,0.00654009739771352,0.0016851259111727542
crop_nitrogen_above_sp10,22,-0.007081677975078975,0.007081677975078975,0.001432338465665774,0.0004374111624651995
crop_nitrogen_below_sp10,22,-0.004457407240105527,0.004457407240105527,0.0014506415250372334,0.0004333593057345005
crop_proj_left_delta,22,0.007144767586610745,0.013912592802042118,0.015539889158941892,0.0029570626791559007
crop_proj_yield_delta,22,0.1311653160673208,0.13310533333240743,0.051810188564652644,0.012309797022715641
crop_root_in_top_30,22,0.05330528042674774,0.05330528042674774,0.016640977785632977,0.005209383833242719
crop_root_to_shoot_sp3,22,0.042449948015168555,0.042449948015168555,0.010831505663914085,0.0028908482411232903
crop_slope_sp3,22,0.01258435636596417,0.01258435636596417,0.004907757459551855,0.0015247661142243245
crop_root_to_shoot_sp10,22,0.01180441034943261,0.01180441034943261,0.006759031022207227,0.0020807100430187283
crop_slope_sp10,22,0.01251642786561897,0.013117866768447825,0.013417767869151557,0.0038182538512942094
cy0_to_ceq_multiplier,22,-0.0010022381623846582,0.004945256131901335,0.02133443876949168,0.00688336981488262
litter_carbon,22,-0.02085667375629548,0.02085667375629548,0.006609633312794075,0.002093196962013157
litter_nitrogen,22,0.02384058149275786,0.02384058149275786,0.002622228051294024,0.0007248192172948803
mortality_fraction_branch_delta,22,-0.002493817516560884,0.0069505949821595,0.010107618244472974,0.002197612501075471
mortality_fraction_croot_delta,22,-0.0012181279835155212,0.003041398365252174,0.00616254141018707,0.0016548246035523416
mortality_fraction_froot_delta,22,-0.00017462877785178466,0.0015737897866317323,0.002908603762536969,0.0008051929445445136
mortality_fraction_leaf_delta,22,-0.0007634121752793183,0.0026832334866322945,0.004505750171308569,0.001069434140573462
mortality_fraction_stem_delta,22,-0.009077986953824396,0.02083004005227232,0.03743102267272951,0.009341279447661634
pool_alloc_froot_sp1,22,0.01165261320760038,0.052451975595978674,0.08747518411351415,0.02384194765382297
pool_alloc_leaf_sp1,22,-0.018499110667033573,0.12700702461839056,0.21109709055891304,0.04644853637513143
pool_alloc_stem_sp1,22,0.25838422265250016,0.6878303660512389,0.9508062813182843,0.19931694289921248
pool_turnover_branch_sp1,22,0.365698146830023,0.38764341272321606,0.4421279056084965,0.10594579623533769
pool_turnover_croot_sp1,22,-0.07458367202909619,0.10600406737705854,0.1715146022508677,0.04819271942568169
pool_turnover_froot_sp1,22,-0.014122646582396464,0.03126741277677781,0.0559263047533637,0.013693954508868443
pool_turnover_leaf_sp1,22,-0.011785345022643612,0.03349023125019259,0.051998451177559475,0.014166788725596539
pool_turnover_stem_sp1,22,9.902766404421175,10.963460112008201,15.202880751074678,4.323373166890057
proj_cover,22,-0.2647710724380796,0.5848402170682763,1.5526299607063656,0.4946150920206456
proj_fire_off,22,0.033484834200346536,0.033484834200346536,0.08017837640439102,0.025256290799290444
proj_fire_on,22,0.32324857642912874,0.32324857642912874,0.21326357312534658,0.06858397045135949
proj_mortality,22,0.5413172283943894,0.5614500559776077,0.9535614981595419,0.2914525513955334
proj_thinning_delta,22,10.061671834349116,10.386521898575682,15.245313977597439,4.624704591752456
roth_c_cover_c,22,0.004871914538694835,0.01572319451898483,0.025678794742282286,0.006246202169401955
roth_c_dpm_frac_crop,22,-0.03889891575339528,0.03889891575339528,0.010455229470736434,0.0032540300127704568
roth_c_dpm_frac_tree,22,-0.0041532204829297925,0.019265392921853614,0.026203981784805323,0.005853040718844598
roth_c_moisture_b_slope,22,-0.01676335626549543,0.15462623836288064,0.4524192267992901,0.12106984482700582
roth_c_temp_a1,22,0.19574690586882376,0.2510580635590737,0.3708716107432288,0.09496248299871592
roth_c_temp_a2,22,-0.1686626978335465,0.4214104074280721,0.6102840859015254,0.14067644399494764
thinning_fraction_branch_delta,22,0.014425913279845359,0.014425913279845359,0.01750219478746678,0.005786683504115143
thinning_fraction_croot_delta,22,0.004894444964295114,0.005109978506335738,0.005519567885939452,0.0016520794237506109
thinning_fraction_froot_delta,22,0.0026728916329268105,0.0026728916329268105,0.0026191877065335407,0.0007584944782970279
thinning_fraction_leaf_delta,22,0.004278033512637896,0.004300814840241157,0.00476498894422817,0.001399269726527312
thinning_fraction_stem_delta,22,0.02372321280366533,0.025961890808609788,0.027153449625105765,0.007881850429320528
tree_carbon_sp1,22,-0.10443420893451609,0.9621450776039027,1.7426669670959813,0.4297348463949482
tree_nitrogen_branch_sp1,22,0.0013188753954855165,0.0013188753954855165,0.0007082469905396173,0.00019299420246991373
tree_nitrogen_croot_sp1,22,0.0009661896314726748,0.0009661896314726748,0.0015110118210302592,0.0004471622131817073
tree_nitrogen_froot_sp1,22,0.025534507142184228,0.025534507142184228,0.02373811307456595,0.007489085446514571
tree_nitrogen_leaf_sp1,22,0.040986210277102676,0.040986210277102676,0.04277912003253022,0.012752167439084916
tree_nitrogen_stem_sp1,22,0.0028270586877520766,0.0028270586877520766,0.0016789694229620896,0.0005558596239442459
tree_root_in_top_30,22,-0.03640074903205367,0.09672328319314678,0.1766014019399672,0.04542544478147571
tree_root_to_shoot_sp1,22,-0.01759746606686382,0.1125951583456315,0.2117010286257492,0.0501092479265418
cy0,23,-0.026980058322568456,0.18799668579093032,0.42732208189441523,0.11095086002454874
clay,23,-0.00045175336114006983,0.030391838145162442,0.06611249920316531,0.017451975609006323
temp_ci_delta,23,0.1047479204930298,0.16305381277560146,0.27300041212625387,0.08213819328952092
rain_ci_delta,23,0.4222641745001419,1.2507861455386506,2.8574279511243144,0.7585347817488292
evap_ci_delta,23,0.07369827962530504,0.21577326223757684,0.529686049753314,0.14041728112078916
ef_burn_crop_N2O_scale,23,-0.003949973246800222,0.004030217422208306,0.00250090499125939,0.0006045975340585843
ef_burn_crop_CH4_scale,23,-0.014834613573783023,0.014975786882222415,0.009501749994655683,0.0026422060556695577
ef_burn_tree_N2O_scale,23,0.005548333141720177,0.005548333141720177,0.005979437816055813,0.0017933626431750128
ef_burn_tree_CH4_scale,23,0.023011428798133587,0.023011428798133587,0.022421166379471672,0.0066231902695352935
ef_N_inputs,23,-0.06753137690438152,0.09100319833011725,0.07523808634423662,0.015262539291867255
combustion_factor_crop,23,-0.0173222924297765,0.01776209611735926,0.012706216121059283,0.003488334907535133
combustion_factor_tree,23,0.031091324092373297,0.031091324092373297,0.03287063005562139,0.009475113742750984
volatile_frac_organic_fertiliser,23,-0.002875425650973926,0.002875425650973926,0.0003055624420978323,8.220332913377454e-05
volatile_frac_synthetic_fertiliser,23,0.016297396888962996,0.016297396888962996,0.0016405654386365065,0.0005054828205225875
base_sf_qty_scale,23,-0.12981374696526463,0.12981374696526463,0.01168469711233405,0.0038287183019435865
proj_lit_qty_scale,23,0.005247633998103918,0.010729060988997497,0.011153120112597796,0.002081761332576634
base_stand_density_scale,23,0.0,0.0,0.0,0.0
proj_stand_density_scale,23,0.025533518627193885,0.7546798431171915,1.1395702004314776,0.28175309059004444
tree_wood_dens_sp1,23,0.1932184714967422,0.7395302995349612,0.9640006479274543,0.19812171810231952
base_cover,23,0.1874268783464607,0.18829400652264952,0.3903226605795877,0.12739009854979466
base_fire_off,23,-0.024885313060658505,0.024885313060658505,0.08969221031413538,0.023475185917333708
base_fire_on,23,-0.0349328597400028,0.0349328597400028,0.0059561448956427536,0.0018859905989435555
base_mortality,23,0.0,0.0,0.0,0.0
base_sf_n_delta,23,-0.13290163271820057,0.13290163271820057,0.013646164833617138,0.004551771405151825
base_thinning_delta,23,0.0,0.0,0.0,0.0
crop_base_left_delta,23,0.10673332599888408,0.10673332599888408,0.03670463420023068,0.011371520242247298
crop_base_yield_delta,23,0.01572795527178613,0.027061282053399006,0.044649136022731115,0.012172773603513579
crop_carbon_above_sp3,23,0.012052024845111652,0.012499280512399591,0.006900515555884549,0.001897314402730135
crop_carbon_below_sp3,23,0.037470344282947224,0.037470344282947224,0.011831993850844559,0.0037297362680891277
crop_intercept_sp3,23,-0.0003587390158836523,0.0023973578205742363,0.0036720705741783493,0.0008696136954328446
crop_nitrogen_above_sp3,23,-0.004192904129059547,0.004202156345794236,0.0020133722784274116,0.0006350256518790427
crop_nitrogen_below_sp3,23,-0.00939553078693425,0.00939553078693425,0.0013731474582257181,0.0004214654685625359
crop_carbon_above_sp10,23,0.035355200327796,0.035355200327796,0.015299505727635955,0.0049033775425719826
crop_carbon_below_sp10,23,0.014551225123034018,0.014551225123034018,0.007337015857798229,0.0023326659025328933
crop_intercept_sp10,23,0.007441793126693116,0.007867988286998626,0.006561501053657299,0.0016527784508698262
crop_nitrogen_above_sp10,23,-0.007081677975079104,0.007081677975079104,0.0014323384656657128,0.00043741116246512167
crop_nitrogen_below_sp10,23,-0.004457407240105393,0.004457407240105393,0.0014506415250372061,0.0004333593057344742
crop_proj_left_delta,23,-0.001262140207890322,0.010760202155396604,0.015127217533549326,0.0028503714231324
crop_proj_yield_delta,23,0.13318724660079845,0.13490088733393085,0.05202413052522775,0.012457734944576231
crop_root_in_top_30,23,0.038538401145985744,0.038538401145985744,0.016528775561592213,0.005212286782232315
crop_root_to_shoot_sp3,23,0.02772506366644381,0.02772506366644381,0.010645088255569764,0.002906059914986992
crop_slope_sp3,23,0.006502112848635874,0.006502112848635874,0.004860305475228653,0.0014612051688135538
crop_root_to_shoot_sp10,23,0.011197925025789372,0.011197925025789372,0.006701542928354035,0.002058765398021203
crop_slope_sp10,23,0.011202249735856432,0.01208827686323958,0.013098212551604222,0.003646441555623205
cy0_to_ceq_multiplier,23,-0.0009081230789164119,0.00449434703710167,0.0192191888047408,0.006191687661417665
litter_carbon,23,-0.02003023687096069,0.02003023687096069,0.006540655875620107,0.0020713367637369994
litter_nitrogen,23,0.02384058149275759,0.02384058149275759,0.002622228051294027,0.0007248192172948067
mortality_fraction_branch_delta,23,-0.002049896012605862,0.006705988715918515,0.009826037778836118,0.0021373987808718077
mortality_fraction_croot_delta,23,-0.001181987542867441,0.003029975664424861,0.006300199449146534,0.0017013777883677383
mortality_fraction_froot_delta,23,-0.00015011794718066407,0.0015785936404642236,0.0029424074020884604,0.000819220330387913
mortality_fraction_leaf_delta,23,-0.000713918975766284,0.002691429777376189,0.004554623733006066,0.001084621631617626
mortality_fraction_stem_delta,23,-0.009060152215101666,0.020791130386771668,0.03796688373337105,0.009469564714348209
pool_alloc_froot_sp1,23,0.01239999981412571,0.05232257553686037,0.08790088196197932,0.02403777051647849
pool_alloc_leaf_sp1,23,-0.017505638683742615,0.12655760267115987,0.21280841316726695,0.047112564792763295
pool_alloc_stem_sp1,23,0.23394921007298444,0.6683034395141647,0.940698689896048,0.20000529234453168
pool_turnover_branch_sp1,23,0.35688227159313773,0.38129085056173573,0.45037854247711684,0.10716812326891935
pool_turnover_croot_sp1,23,-0.06840722719056005,0.10235606094041834,0.17136890838082927,0.04792478003347963
pool_turnover_froot_sp1,23,-0.011515780335960813,0.03078659293648752,0.056437232248614085,0.013741805356921877
pool_turnover_leaf_sp1,23,-0.009669762754013657,0.03347090013306678,0.052030436802459994,0.014174427795377241
pool_turnover_stem_sp1,23,9.790240267044709,10.921159850845095,15.455253112409329,4.393353800561516
proj_cover,23,-0.25325433696142685,0.5515490190424572,1.4631951922623234,0.4684405140271691
proj_fire_off,23,0.033484834200346904,0.033484834200346904,0.08017837640439186,0.025256290799290808
proj_fire_on,23,0.3201650333665548,0.3201650333665548,0.22184987199042286,0.07143932635294314
proj_mortality,23,0.5474034613304528,0.5710876165874313,1.007417094261975,0.3091793102124135
proj_thinning_delta,23,9.98212245630932,10.341295301590897,15.57070104513037,4.718187473190703
roth_c_cover_c,23,0.004883980189749723,0.015306996569684119,0.025366819557793824,0.00632301885926896
roth_c_dpm_frac_crop,23,-0.02466562097863512,0.02466562097863512,0.01323303084237173,0.004201466105633697
roth_c_dpm_frac_tree,23,-0.0036762730408815975,0.018452616997354246,0.02578851268791928,0.005923834072584322
roth_c_moisture_b_slope,23,-0.0013184840924355345,0.15402557890718244,0.4294675472835234,0.11370275316738691
roth_c_temp_a1,23,0.1964768994237242,0.24556027013295606,0.37351487165741326,0.09637569937744205
roth_c_temp_a2,23,-0.16964253302795895,0.4226754756924578,0.624454800769898,0.14601017826518822
thinning_fraction_branch_delta,23,0.013136443692759042,0.013136443692759042,0.016571847692222554,0.005453785257627164
thinning_fraction_croot_delta,23,0.004443646601850426,0.004711691423642195,0.005266921110339522,0.0015654075619219335
thinning_fraction_froot_delta,23,0.0024158884190052716,0.0024158884190052716,0.0024606940420325396,0.000724328061298447
thinning_fraction_leaf_delta,23,0.004005302839594377,0.0040416796485713,0.004638379442128829,0.0013655955977015144
thinning_fraction_stem_delta,23,0.02137228894165353,0.02535371969870952,0.02762801090377625,0.0073190646219895685
tree_carbon_sp1,23,-0.1267419064472784,0.9582754339514283,1.770502714978505,0.44155168442005244
tree_nitrogen_branch_sp1,23,0.0012919673454095393,0.0012919673454095393,0.0007300895413588069,0.0001994165671940323
tree_nitrogen_croot_sp1,23,0.0009672850083470464,0.0009672850083470464,0.001575779790463812,0.00046688937092903316
tree_nitrogen_froot_sp1,23,0.02545205002997391,0.02545205002997391,0.024541833853738947,0.007746070809478711
tree_nitrogen_leaf_sp1,23,0.041019019450004815,0.041019019450004815,0.04468997687523495,0.013307361349384247
tree_nitrogen_stem_sp1,23,0.002758268964163424,0.002758268964163424,0.0017063174224653114,0.0005636018743797501
tree_root_in_top_30,23,-0.03558087714311399,0.09667373468760192,0.17970661095776505,0.04644712094592087
tree_root_to_shoot_sp1,23,-0.020412046072177642,0.11159699468373116,0.21501424120861273,0.051471107018869436
cy0,24,-0.02699326648628706,0.17597797075870472,0.3977478322107197,0.10293204143866626
clay,24,-0.00024160481917285815,0.03050702204339969,0.06458925352059178,0.016762002324805052
temp_ci_delta,24,0.10622986034631761,0.16468952255806862,0.2771271146086607,0.0829538195063238
rain_ci_delta,24,0.43717298058901344,1.2110676726195257,2.799983952843956,0.7388257129825844
evap_ci_delta,24,0.0671311194206548,0.2092999886867657,0.5219868210431686,0.13519579053037778
ef_burn_crop_N2O_scale,24,-0.003949973246800284,0.004030217422208401,0.0025009049912593073,0.0006045975340585538
ef_burn_crop_CH4_scale,24,-0.014834613573782806,0.014975786882222198,0.009501749994655662,0.002642206055669436
ef_burn_tree_N2O_scale,24,0.005475841911184306,0.005475841911184306,0.006089384174231213,0.0018278962860529074
ef_burn_tree_CH4_scale,24,0.02279821553387035,0.02279821553387035,0.02279615491705163,0.006733351421202603
ef_N_inputs,24,-0.06761876774445766,0.09288147158930929,0.07842272656221293,0.01575554606619618
combustion_factor_crop,24,-0.017322292429776773,0.017762096117359537,0.012706216121059133,0.0034883349075350853
combustion_factor_tree,24,0.03084940216824421,0.03084940216824421,0.033675192068971425,0.009726983929463239
volatile_frac_organic_fertiliser,24,-0.0028754256509736925,0.0028754256509736925,0.0003055624420977847,8.220332913375507e-05
volatile_frac_synthetic_fertiliser,24,0.016297396888962954,0.016297396888962954,0.0016405654386364656,0.0005054828205225929
base_sf_qty_scale,24,-0.12981374696526443,0.12981374696526443,0.011684697112334483,0.0038287183019437877
proj_lit_qty_scale,24,0.006075015115166166,0.011165547516249891,0.011044315580010218,0.0019802971736196167
base_stand_density_scale,24,0.0,0.0,0.0,0.0
proj_stand_density_scale,24,0.01674217500132464,0.7447809588780236,1.141552652853462,0.2860913946727641
tree_wood_dens_sp1,24,0.18164449608417937,0.7274170950619948,0.9589919306013477,0.1990893785443246
base_cover,24,0.18037647385121078,0.18183136739215192,0.38048493534651173,0.1241399376287862
base_fire_off,24,-0.024885313060658488,0.024885313060658488,0.08969221031413531,0.023475185917333694
base_fire_on,24,-0.0349328597400028,0.0349328597400028,0.005956144895642858,0.0018859905989435765
base_mortality,24,0.0,0.0,0.0,0.0
base_sf_n_delta,24,-0.13290163271820088,0.13290163271820088,0.013646164833617334,0.004551771405151746
base_thinning_delta,24,0.0,0.0,0.0,0.0
crop_base_left_delta,24,0.1034538846998562,0.1034538846998562,0.03660891986704646,0.011373534921334374
crop_base_yield_delta,24,0.011180545132054406,0.027191597385078786,0.04395889383923075,0.011343940148737582
crop_carbon_above_sp3,24,0.009936379481264666,0.010497460978815851,0.0067423510494493315,0.0018229612153648248
crop_carbon_below_sp3,24,0.031069575829613155,0.031069575829613155,0.011680693750123245,0.003672411059830312
crop_intercept_sp3,24,-0.0003547303477274208,0.0023693580129768507,0.0036476235800961274,0.0008682837335381344
crop_nitrogen_above_sp3,24,-0.004192904129059321,0.004202156345794012,0.0020133722784274593,0.0006350256518790559
crop_nitrogen_below_sp3,24,-0.009395530786934378,0.009395530786934378,0.0013731474582255056,0.00042146546856247077
crop_carbon_above_sp10,24,0.033928668969119655,0.033928668969119655,0.014961643219600937,0.0047869199688053594
crop_carbon_below_sp10,24,0.013959818108163343,0.013959818108163343,0.007178850985013078,0.0022892433635321088
crop_intercept_sp10,24,0.0069908330514079145,0.007604393965283014,0.006587521252535489,0.0016111393071144705
crop_nitrogen_above_sp10,24,-0.007081677975079016,0.007081677975079016,0.0014323384656657243,0.000437411162465158
crop_nitrogen_below_sp10,24,-0.00445740724010556,0.00445740724010556,0.0014506415250373388,0.0004333593057345487
crop_proj_left_delta,24,-0.004533814292141706,0.010759163688994138,0.01509476523915305,0.0031390560364740893
crop_proj_yield_delta,24,0.13513735489780834,0.1366352324967977,0.052221369840303816,0.012596308807701108
crop_root_in_top_30,24,0.031676282613121574,0.031676282613121574,0.016348179458564514,0.0051590737300531925
crop_root_to_shoot_sp3,24,0.021316106891206908,0.021316106891206908,0.010407471460026838,0.0028584405509704874
crop_slope_sp3,24,0.0037068353096638028,0.003959714763297306,0.0047520141507347465,0.0013456230345217915
crop_root_to_shoot_sp10,24,0.010624995311955284,0.010624995311955284,0.006657323566310306,0.0020415051634391124
crop_slope_sp10,24,0.009959169783086069,0.011249732539552155,0.012815104626602113,0.0034685874955743003
cy0_to_ceq_multiplier,24,-0.0008280815328094909,0.004083836921905323,0.0172892454421011,0.005559130102183062
litter_carbon,24,-0.01924491181676251,0.01924491181676251,0.0064897887216734855,0.002055610587847337
litter_nitrogen,24,0.023840581492757834,0.023840581492757834,0.0026222280512943645,0.0007248192172949313
mortality_fraction_branch_delta,24,-0.0016328281366237512,0.006535191906295942,0.009565966581992973,0.002063900131348635
mortality_fraction_croot_delta,24,-0.0011487474451116393,0.0030250360050176088,0.006437253936941829,0.0017467024757057698
mortality_fraction_froot_delta,24,-0.00012848543508805766,0.0015821328055222767,0.002976559479417365,0.0008333896743724678
mortality_fraction_leaf_delta,24,-0.0006677898783064518,0.002699103274993536,0.004605822289731242,0.0011010274314846684
mortality_fraction_stem_delta,24,-0.00904053789108068,0.020762485759206518,0.03846115778771313,0.009585207383416809
pool_alloc_froot_sp1,24,0.013143000976909267,0.052235003578883055,0.08836053348227588,0.02422578240296177
pool_alloc_leaf_sp1,24,-0.01658425254753176,0.12616875902042385,0.21458811090706728,0.04776782391310662
pool_alloc_stem_sp1,24,0.21112708021979198,0.6498897959420161,0.9296357513077287,0.19980870401148318
pool_turnover_branch_sp1,24,0.34751111365468396,0.37435253846830285,0.45707613458190055,0.10810734168289701
pool_turnover_croot_sp1,24,-0.0627356346981128,0.09943711039634459,0.17141821014218372,0.04778566032797154
pool_turnover_froot_sp1,24,-0.00915388578004454,0.030528344441296224,0.05704253183985403,0.013861963302262338
pool_turnover_leaf_sp1,24,-0.0076736142902264935,0.0334099370026287,0.052042733450517534,0.01420221844437815
pool_turnover_stem_sp1,24,9.671826203701979,10.865687547666482,15.671967603936942,4.453116490926052
proj_cover,24,-0.24872324762465364,0.5266625320558552,1.3789623450170754,0.4429488806248866
proj_fire_off,24,0.03348483420034662,0.03348483420034662,0.08017837640439116,0.025256290799290475
proj_fire_on,24,0.31738966705760185,0.31738966705760185,0.23050977049713797,0.07431503120890508
proj_mortality,24,0.553502278663804,0.5804461369371474,1.0618867666764629,0.3271833346695576
proj_thinning_delta,24,9.908574130478112,10.311566198788016,15.867811333117544,4.80121090113928
roth_c_cover_c,24,0.00506265933522061,0.01500816533840833,0.025240111479521946,0.006426245097982684
roth_c_dpm_frac_crop,24,-0.015528710046149644,0.015528710046149644,0.012830188224182174,0.004063904310101127
roth_c_dpm_frac_tree,24,-0.0033305859116832953,0.01779120741110263,0.025494658641609748,0.005995830576046829
roth_c_moisture_b_slope,24,0.012859302041218424,0.15371013967278274,0.41374653547871604,0.10853469581853324
roth_c_temp_a1,24,0.19971923708979147,0.24140143729710867,0.37786914084005724,0.09856407452731888
roth_c_temp_a2,24,-0.17851477613015748,0.426570253051105,0.6403413788168566,0.15257127620400598
thinning_fraction_branch_delta,24,0.012277897948106164,0.012277897948106164,0.01570011683090258,0.005127277857045174
thinning_fraction_croot_delta,24,0.004172344438684428,0.004469817642165308,0.005055649483716595,0.0014865069263874456
thinning_fraction_froot_delta,24,0.002250768798994543,0.002250768798994543,0.0023542863468979346,0.0007024381146707537
thinning_fraction_leaf_delta,24,0.0038559437599439777,0.003891668941074336,0.004542999383166252,0.0013465772905527978
thinning_fraction_stem_delta,24,0.019942805173084905,0.024929624878613048,0.02799770763163513,0.00703425942636262
tree_carbon_sp1,24,-0.14660713300326428,0.9550451483455344,1.7964835946401632,0.4524198680253873
tree_nitrogen_branch_sp1,24,0.0012664677177669254,0.0012664677177669254,0.0007510576202428548,0.00020562275614671258
tree_nitrogen_croot_sp1,24,0.0009694556915224694,0.0009694556915224694,0.0016420492675098828,0.00048705850492609465
tree_nitrogen_froot_sp1,24,0.02539007649502282,0.02539007649502282,0.025344954836620873,0.008002687897184791
tree_nitrogen_leaf_sp1,24,0.041090408424626024,0.041090408424626024,0.0466207864421301,0.013867304977988652
tree_nitrogen_stem_sp1,24,0.002695709880427044,0.002695709880427044,0.0017347024730651232,0.0005715914694588537
tree_root_in_top_30,24,-0.03475379293489835,0.09678291590694492,0.18285715677554393,0.047470017905996226
tree_root_to_shoot_sp1,24,-0.022892461978772215,0.11072205413425677,0.21809077482809713,0.05270859826263281
cy0,25,-0.026981483739093547,0.16471025282653068,0.36968237743733284,0.09525365445980091
clay,25,-0.0003497273245699678,0.030340147997538792,0.0647375724155916,0.01693363650368394
temp_ci_delta,25,0.10783141768332047,0.16586651826452709,0.28177805023217656,0.08395402900864771
rain_ci_delta,25,0.4570460650959217,1.1762731201931964,2.7601324061345527,0.7242728888615148
evap_ci_delta,25,0.05891677269552231,0.2014345484089653,0.5118789041647177,0.12973016032241438
ef_burn_crop_N2O_scale,25,-0.003949973246800168,0.004030217422208252,0.0025009049912593038,0.0006045975340586134
ef_burn_crop_CH4_scale,25,-0.014834613573782823,0.014975786882222147,0.009501749994655416,0.0026422060556693327
ef_burn_tree_N2O_scale,25,0.005410686389199111,0.005410686389199111,0.006206880631016399,0.0018643555636400678
ef_burn_tree_CH4_scale,25,0.02261244079401368,0.02261244079401368,0.02321001983492087,0.006858071050877935
ef_N_inputs,25,-0.06764009392633479,0.09471244125746973,0.08164556087953573,0.016283053398099486
combustion_factor_crop,25,-0.017322292429776773,0.017762096117359568,0.012706216121059407,0.003488334907535109
combustion_factor_tree,25,0.030642894887939642,0.030642894887939642,0.03450147238966338,0.009986902171565715
volatile_frac_organic_fertiliser,25,-0.0028754256509738673,0.0028754256509738673,0.0003055624420978672,8.220332913378247e-05
volatile_frac_synthetic_fertiliser,25,0.016297396888962985,0.016297396888962985,0.0016405654386364727,0.0005054828205225831
base_sf_qty_scale,25,-0.12981374696526463,0.12981374696526463,0.011684697112334504,0.003828718301943748
proj_lit_qty_scale,25,0.006857037628044146,0.011591125664845168,0.010959904622253595,0.0019069211318899775
base_stand_density_scale,25,0.0,0.0,0.0,0.0
proj_stand_density_scale,25,0.009497224618106676,0.73521011177187,1.1422088201892013,0.28957750182530984
tree_wood_dens_sp1,25,0.17173436308179674,0.7159783472733212,0.9533005416378791,0.1996048553475774
base_cover,25,0.17379276130329765,0.17651947791072492,0.3713373946773686,0.12103041181528
base_fire_off,25,-0.024885313060658488,0.024885313060658488,0.08969221031413531,0.023475185917333694
base_fire_on,25,-0.034932859740002785,0.034932859740002785,0.005956144895642859,0.0018859905989436119
base_mortality,25,0.0,0.0,0.0,0.0
base_sf_n_delta,25,-0.1329016327182006,0.1329016327182006,0.013646164833617446,0.004551771405151924
base_thinning_delta,25,0.0,0.0,0.0,0.0
crop_base_left_delta,25,0.10032714613274425,0.10032714613274425,0.036545778059196135,0.011384226248179858
crop_base_yield_delta,25,0.006825815777888789,0.027485889484933128,0.04328463874965022,0.010630418601806812
crop_carbon_above_sp3,25,0.00873764630188337,0.009395312549319565,0.006643553928882491,0.0017653423895180342
crop_carbon_below_sp3,25,0.02744707600960817,0.02744707600960817,0.011519533650141685,0.0036017628524024387
crop_intercept_sp3,25,-0.00035061470338075,0.0023467432580126096,0.003626127069097464,0.000866684083520693
crop_nitrogen_above_sp3,25,-0.004192904129059255,0.004202156345793945,0.002013372278427655,0.0006350256518791121
crop_nitrogen_below_sp3,25,-0.00939553078693436,0.00939553078693436,0.0013731474582256962,0.0004214654685625454
crop_carbon_above_sp10,25,0.0325789548735385,0.0325789548735385,0.014657637763717474,0.004682620435999207
crop_carbon_below_sp10,25,0.013400553362295491,0.013400553362295491,0.007035350187725151,0.0022497448017476237
crop_intercept_sp10,25,0.006561237825390772,0.007358892376040929,0.0066175128302876285,0.0015778120464002314
crop_nitrogen_above_sp10,25,-0.007081677975079045,0.007081677975079045,0.001432338465665559,0.0004374111624651068
crop_nitrogen_below_sp10,25,-0.004457407240105851,0.004457407240105851,0.0014506415250372024,0.00043335930573447395
crop_proj_left_delta,25,-0.006061806919443548,0.011107645129727273,0.015275546662891527,0.003306338028238893
crop_proj_yield_delta,25,0.13701698631117906,0.13830910689754133,0.052402703116120414,0.012726107817353218
crop_root_in_top_30,25,0.027515098457640125,0.027515098457640125,0.016055720502251358,0.0050469518602252435
crop_root_to_shoot_sp3,25,0.01784329038088992,0.01784329038088992,0.010171161602845662,0.002797862412007275
crop_slope_sp3,25,0.002122313660959893,0.002906259797781699,0.004640690564181875,0.0012508302902120585
crop_root_to_shoot_sp10,25,0.010082709048905833,0.010082709048905833,0.006623641201878716,0.0020279505802024765
crop_slope_sp10,25,0.008780374934348833,0.010476091470990934,0.012564070790641826,0.0033172397363881063
cy0_to_ceq_multiplier,25,-0.000761059776776643,0.003721329938403903,0.015525711040768955,0.004976332048937524
litter_carbon,25,-0.01849780070472209,0.01849780070472209,0.006452831920917549,0.002044633303383981
litter_nitrogen,25,0.023840581492757883,0.023840581492757883,0.0026222280512941463,0.0007248192172948959
mortality_fraction_branch_delta,25,-0.0012432698604054465,0.006403703976290751,0.00932274293726547,0.001993087467573803
mortality_fraction_croot_delta,25,-0.0011188190616624864,0.0030246984059656827,0.006572583464614625,0.0017898935901381678
mortality_fraction_froot_delta,25,-0.00010966369626929096,0.0015840362541148622,0.0030102384967951603,0.0008474605635947986
mortality_fraction_leaf_delta,25,-0.0006252919654791495,0.002705260798014711,0.004657483341889863,0.0011181825943493212
mortality_fraction_stem_delta,25,-0.009021776903654247,0.02074385661735018,0.038914829803277484,0.009700701023976023
pool_alloc_froot_sp1,25,0.013847685444829574,0.05233049278174788,0.08882346489165857,0.024373708761957498
pool_alloc_leaf_sp1,25,-0.015770771291035268,0.12577023728891815,0.21636122076837053,0.04840862961915564
pool_alloc_stem_sp1,25,0.18997670997399713,0.6326497395024087,0.9173925238040106,0.19970633235601876
pool_turnover_branch_sp1,25,0.3376693458342485,0.3667801244480769,0.4620502063821461,0.10872820368150497
pool_turnover_croot_sp1,25,-0.05756151423455582,0.09748827755496174,0.17164299191315788,0.04762294368110708
pool_turnover_froot_sp1,25,-0.007029825402965112,0.030568232858663984,0.05773088323516528,0.014057332494522545
pool_turnover_leaf_sp1,25,-0.00580431527772284,0.03334707532655742,0.0520396291506738,0.01422990568812586
pool_turnover_stem_sp1,25,9.547531104069986,10.792901268880422,15.851299487927566,4.50289929579094
proj_cover,25,-0.25079344853024615,0.5096450693613586,1.3023636973618915,0.41803884133714636
proj_fire_off,25,0.03348483420034652,0.03348483420034652,0.08017837640439102,0.02525629079929043
proj_fire_on,25,0.3148849024244162,0.3148849024244162,0.23923326679610918,0.07720774162690058
proj_mortality,25,0.5596325083728244,0.58951316357767,1.116642366942717,0.3453479843874597
proj_thinning_delta,25,9.836115766014077,10.293178534194228,16.134846718390197,4.865815296663386
roth_c_cover_c,25,0.005265811299743064,0.014797042096107407,0.02515236131693255,0.006494722611631635
roth_c_dpm_frac_crop,25,-0.010611600970942723,0.010611600970942723,0.011594858485520271,0.0036399407211450577
roth_c_dpm_frac_tree,25,-0.0030508001735830986,0.017221340667374328,0.025271076632349135,0.006066286839761806
roth_c_moisture_b_slope,25,0.023933369720737334,0.15379444199863923,0.4038976996431058,0.10525044308343978
roth_c_temp_a1,25,0.20202224643646485,0.23825960953896802,0.3845911683744448,0.10114639167621471
roth_c_temp_a2,25,-0.18558125443325482,0.42883228391388883,0.6531700738701604,0.1581938831667024
thinning_fraction_branch_delta,25,0.011642390848593587,0.011642390848593587,0.01488533769699834,0.0048151626422659735
thinning_fraction_croot_delta,25,0.003992177184592621,0.004309045160783481,0.004875201480845028,0.0014168691978219828
thinning_fraction_froot_delta,25,0.002135012234164663,0.002135012234164663,0.002279974196738177,0.0006880010116350458
thinning_fraction_leaf_delta,25,0.0037641005963152895,0.0037925115273384825,0.00446263628051671,0.001333320711870485
thinning_fraction_stem_delta,25,0.018985014829606982,0.024570502105327775,0.02822544836214212,0.0068583202404638045
tree_carbon_sp1,25,-0.1644658232998053,0.9518931327863491,1.8200296115571273,0.4622697907580463
tree_nitrogen_branch_sp1,25,0.0012422808591329854,0.0012422808591329854,0.000771218092201757,0.00021162002598217828
tree_nitrogen_croot_sp1,25,0.0009725946109796102,0.0009725946109796102,0.001709629687549307,0.0005076134064011902
tree_nitrogen_froot_sp1,25,0.025346168216927322,0.025346168216927322,0.02614661134855226,0.00825865937874938
tree_nitrogen_leaf_sp1,25,0.041196096151994224,0.041196096151994224,0.04856811132712916,0.01443110074294207
tree_nitrogen_stem_sp1,25,0.002638641310194445,0.002638641310194445,0.0017641016284252666,0.0005798319429154413
tree_root_in_top_30,25,-0.03397732966411725,0.09734340468996819,0.18597335439796553,0.048476430141706425
tree_root_to_shoot_sp1,25,-0.025093312193397242,0.10988099757764355,0.22086386955332618,0.05382107638608825
cy0,26,-0.02694370179244157,0.15403346475112478,0.3430986424392273,0.08801965485990454
clay,26,-0.0005985777940712089,0.030028883589376977,0.06625836604445763,0.017761517695463122
temp_ci_delta,26,0.10886413194614959,0.16631594362488925,0.286697031234609,0.0852347106676747
rain_ci_delta,26,0.47727190916476464,1.1455496511685408,2.7331207336606997,0.7136348981420985
evap_ci_delta,26,0.050488070209632294,0.192615163444742,0.49980566629969986,0.12442953238632287
ef_burn_crop_N2O_scale,26,-0.003949973246800143,0.00403021742220826,0.002500904991259298,0.0006045975340585552
ef_burn_crop_CH4_scale,26,-0.014834613573782848,0.014975786882222172,0.00950174999465535,0.0026422060556692897
ef_burn_tree_N2O_scale,26,0.005352096322952521,0.005352096322952521,0.006331068955865919,0.0019025314610382018
ef_burn_tree_CH4_scale,26,0.02245133798529346,0.02245133798529346,0.023659125635972663,0.006995934478696345
ef_N_inputs,26,-0.06760376160823456,0.09649865534663768,0.08489884164389293,0.016843321483342222
combustion_factor_crop,26,-0.01732229242977653,0.01776209611735933,0.012706216121059015,0.003488334907534985
combustion_factor_tree,26,0.030467882472153145,0.030467882472153145,0.03534679763059953,0.01025381887890115
volatile_frac_organic_fertiliser,26,-0.0028754256509737177,0.0028754256509737177,0.0003055624420977634,8.220332913373687e-05
volatile_frac_synthetic_fertiliser,26,0.016297396888962888,0.016297396888962888,0.0016405654386364304,0.0005054828205225806
base_sf_qty_scale,26,-0.12981374696526476,0.12981374696526476,0.011684697112334204,0.003828718301943646
proj_lit_qty_scale,26,0.007597608688835869,0.012011065905610277,0.01089459920206243,0.0018550769435649159
base_stand_density_scale,26,0.0,0.0,0.0,0.0
proj_stand_density_scale,26,0.0035355888424440486,0.7256823327030195,1.141286171823028,0.2922155254131027
tree_wood_dens_sp1,26,0.16320797160016004,0.7048880811319755,0.946696157656282,0.1996688903378681
base_cover,26,0.16763362624504602,0.17176661672432422,0.3628096696195983,0.11813579615860452
base_fire_off,26,-0.024885313060658495,0.024885313060658495,0.08969221031413534,0.023475185917333698
base_fire_on,26,-0.034932859740002944,0.034932859740002944,0.005956144895643088,0.0018859905989436897
base_mortality,26,0.0,0.0,0.0,0.0
base_sf_n_delta,26,-0.13290163271820057,0.13290163271820057,0.01364616483361743,0.00455177140515192
base_thinning_delta,26,0.0,0.0,0.0,0.0
crop_base_left_delta,26,0.09734403153189979,0.09734403153189979,0.036506232800090486,0.011400722833305383
crop_base_yield_delta,26,0.002654812635426393,0.02803780656584106,0.04262589436052466,0.009933250272760591
crop_carbon_above_sp3,26,0.007966455979029022,0.008710893617689345,0.006594787712781893,0.0017221491059651816
crop_carbon_below_sp3,26,0.02512661265813655,0.02512661265813655,0.011404238603516465,0.003545109234749615
crop_intercept_sp3,26,-0.0003461901133329531,0.002325579588091489,0.0036073291212859603,0.0008659680729323516
crop_nitrogen_above_sp3,26,-0.004192904129059238,0.0042021563457939285,0.002013372278427286,0.0006350256518789815
crop_nitrogen_below_sp3,26,-0.00939553078693397,0.00939553078693397,0.0013731474582262435,0.0004214654685627661
crop_carbon_above_sp10,26,0.031300331066195355,0.031300331066195355,0.014382012890469587,0.004588662935521531
crop_carbon_below_sp10,26,0.01287045960864748,0.01287045960864748,0.006904106559240106,0.0022135104658567236
crop_intercept_sp10,26,0.006152426311848433,0.00712514827378001,0.006649714778026277,0.0015541142944038896
crop_nitrogen_above_sp10,26,-0.007081677975079095,0.007081677975079095,0.0014323384656658726,0.00043741116246520965
crop_nitrogen_below_sp10,26,-0.004457407240105743,0.004457407240105743,0.0014506415250372673,0.00043335930573449666
crop_proj_left_delta,26,-0.006771356015531228,0.011360826892271416,0.015466301008790435,0.003392118461239236
crop_proj_yield_delta,26,0.13882755645072178,0.13992359942997218,0.05256915356788889,0.012847580661474841
crop_root_in_top_30,26,0.024672571433141006,0.024672571433141006,0.015802124254634765,0.0049434656778936294
crop_root_to_shoot_sp3,26,0.01570988811730227,0.01570988811730227,0.010016678176122626,0.0027602682800023986
crop_slope_sp3,26,0.0011290385572080368,0.002541197348718635,0.004552347617315167,0.0011789364013676342
crop_root_to_shoot_sp10,26,0.009568465429125313,0.009568465429125313,0.0065986136068992805,0.0020176113672501312
crop_slope_sp10,26,0.007661818750386592,0.009783024245931879,0.012340569810246406,0.003184088271533335
cy0_to_ceq_multiplier,26,-0.0007050680011760624,0.003393167609741682,0.013911996376123165,0.004444481654088551
litter_carbon,26,-0.017786307945652148,0.017786307945652148,0.006426444036273425,0.0020373014819971926
litter_nitrogen,26,0.02384058149275785,0.02384058149275785,0.0026222280512940505,0.000724819217294885
mortality_fraction_branch_delta,26,-0.0008800789225398564,0.006278264418932594,0.00909221361720583,0.0019327220557121443
mortality_fraction_croot_delta,26,-0.001091911498033113,0.0030285108340394303,0.006704606401054941,0.0018303195758533183
mortality_fraction_froot_delta,26,-9.336576449195388e-05,0.0015886420990381012,0.003042652720639808,0.0008595149310726923
mortality_fraction_leaf_delta,26,-0.0005862571238777981,0.00270925469203952,0.004707930642079551,0.0011355885265860591
mortality_fraction_stem_delta,26,-0.009002925664783803,0.02073626068031981,0.039325092005318,0.009814844190577066
pool_alloc_froot_sp1,26,0.01450241664470453,0.05239746510650319,0.08926092757559086,0.02450890114426303
pool_alloc_leaf_sp1,26,-0.015065466347442344,0.1254114025210163,0.2180572660078542,0.04900982047392375
pool_alloc_stem_sp1,26,0.17050666290192584,0.6160996716661495,0.903716268932196,0.19895429753724886
pool_turnover_branch_sp1,26,0.3273726125079966,0.358366561164119,0.4651376646598779,0.10900220726529526
pool_turnover_croot_sp1,26,-0.05285445489679021,0.09578223849602462,0.1720198736697314,0.04757167571568143
pool_turnover_froot_sp1,26,-0.005127885749418709,0.03058763430358505,0.05849314102780262,0.014341256807179424
pool_turnover_leaf_sp1,26,-0.004057938126980328,0.03323807711829686,0.05201946622608334,0.01427235947010703
pool_turnover_stem_sp1,26,9.415911796322245,10.704356066143298,15.990910961228096,4.5418305475295755
proj_cover,26,-0.2545101824324407,0.4981203973126801,1.2316833865871326,0.39549243886843405
proj_fire_off,26,0.03348483420034652,0.03348483420034652,0.08017837640439109,0.025256290799290447
proj_fire_on,26,0.31261651479643043,0.31261651479643043,0.24800463087052813,0.08011233117280567
proj_mortality,26,0.5657525850674681,0.5982457328204297,1.1713190334172345,0.36354283555550965
proj_thinning_delta,26,9.761003165116618,10.277388980717493,16.368799758700977,4.915392048047227
roth_c_cover_c,26,0.005428619095429785,0.014550425731327313,0.025062658365064307,0.006561973794928803
roth_c_dpm_frac_crop,26,-0.007865984096398895,0.007865984096398895,0.010182269077777617,0.0031638095923721124
roth_c_dpm_frac_tree,26,-0.0028058110728252177,0.01671027242042207,0.025083815718375767,0.006131625860291215
roth_c_moisture_b_slope,26,0.03249869290904715,0.15346615085043694,0.3971613954989625,0.10304246990816526
roth_c_temp_a1,26,0.2025568143044802,0.23842569583144746,0.3930074532596972,0.10336771754724225
roth_c_temp_a2,26,-0.1883013228384199,0.42889987458345785,0.6627856224792531,0.16257983166203294
thinning_fraction_branch_delta,26,0.011129924351031084,0.011129924351031084,0.014127684588192913,0.004521766152127375
thinning_fraction_croot_delta,26,0.003859876973262427,0.00419120773883806,0.004720380706299351,0.0013569613506743817
thinning_fraction_froot_delta,26,0.002047312670307358,0.002047312670307358,0.00222576256557421,0.0006778859869070684
thinning_fraction_leaf_delta,26,0.003698983144939859,0.0037168726093700713,0.004390964881636407,0.0013225023784452824
thinning_fraction_stem_delta,26,0.01827916098320028,0.024233909337041414,0.028357246558958604,0.00673457677431989
tree_carbon_sp1,26,-0.18049789282269169,0.9484478649461942,1.8405943359220343,0.47100032938259573
tree_nitrogen_branch_sp1,26,0.0012193143899458276,0.0012193143899458276,0.0007906283791929398,0.00021741504050960426
tree_nitrogen_croot_sp1,26,0.0009765990261864366,0.0009765990261864366,0.0017783110248801705,0.0005284916690521733
tree_nitrogen_froot_sp1,26,0.025318100184904074,0.025318100184904074,0.02694567101684044,0.008513621971362953
tree_nitrogen_leaf_sp1,26,0.04133194339423946,0.04133194339423946,0.05052778961576061,0.014997640821192646
tree_nitrogen_stem_sp1,26,0.0025864253642980477,0.0025864253642980477,0.0017944769113003751,0.0005883199946077507
tree_root_in_top_30,26,-0.03326673712576913,0.09786277250228277,0.1889855776803813,0.049462122959678445
tree_root_to_shoot_sp1,26,-0.027041698003530394,0.10903581896326571,0.2232679645796628,0.05479794489402612
cy0,27,-0.026880426027878768,0.1438288147138752,0.31796910476377677,0.0812228058119482
clay,27,-0.000900254961927055,0.02965533932689838,0.06861221407186906,0.018932745360826723
temp_ci_delta,27,0.10935746061643159,0.16637421231012306,0.2917392329475511,0.08667845338375003
rain_ci_delta,27,0.496163644960984,1.118324904421391,2.715739382075405,0.7060168528971581
evap_ci_delta,27,0.04242394023012226,0.1833084978488188,0.4865568963975484,0.11949645308655753
ef_burn_crop_N2O_scale,27,-0.003949973246800143,0.004030217422208276,0.00250090499125947,0.000604597534058621
ef_burn_crop_CH4_scale,27,-0.014834613573782749,0.014975786882222073,0.009501749994655325,0.0026422060556692945
ef_burn_tree_N2O_scale,27,0.005299376062089037,0.005299376062089037,0.00646108479405815,0.001942207617222625
ef_burn_tree_CH4_scale,27,0.0223123476611468,0.0223123476611468,0.02413973283004491,0.007145514948369022
ef_N_inputs,27,-0.06751778254158422,0.0982417321899316,0.08817335388081429,0.017433754348495173
combustion_factor_crop,27,-0.017322292429776655,0.01776209611735942,0.01270621612105899,0.0034883349075350524
combustion_factor_tree,27,0.03032079673191339,0.03032079673191339,0.03620838809267451,0.010526679784164187
volatile_frac_organic_fertiliser,27,-0.002875425650973734,0.002875425650973734,0.00030556244209784065,8.220332913376203e-05
volatile_frac_synthetic_fertiliser,27,0.01629739688896297,0.01629739688896297,0.0016405654386364512,0.0005054828205225852
base_sf_qty_scale,27,-0.1298137469652644,0.1298137469652644,0.01168469711233471,0.0038287183019438883
proj_lit_qty_scale,27,0.008300133321659606,0.012445638767318842,0.010844097125371814,0.0018076904337496766
base_stand_density_scale,27,0.0,0.0,0.0,0.0
proj_stand_density_scale,27,-0.0012606542887991234,0.7159905407660405,1.1385151701365566,0.29397575787313657
tree_wood_dens_sp1,27,0.15590528779672544,0.693927954764743,0.9389871330656718,0.19926674483904303
base_cover,27,0.16186324273189293,0.16754430820984495,0.3548402100442538,0.11543678342177474
base_fire_off,27,-0.024885313060658488,0.024885313060658488,0.08969221031413531,0.023475185917333694
base_fire_on,27,-0.03493285974000312,0.03493285974000312,0.005956144895643177,0.0018859905989437016
base_mortality,27,0.0,0.0,0.0,0.0
base_sf_n_delta,27,-0.13290163271820066,0.13290163271820066,0.013646164833617445,0.004551771405151918
base_thinning_delta,27,0.0,0.0,0.0,0.0
crop_base_left_delta,27,0.09449602009349388,0.09449602009349388,0.03648350836046559,0.011420614829960497
crop_base_yield_delta,27,-0.0013405054453217574,0.0286499485879885,0.041980947948743935,0.009329976947066915
crop_carbon_above_sp3,27,0.007407157012145366,0.008288026538733067,0.0065785482217163484,0.0016695520934706374
crop_carbon_below_sp3,27,0.02345509643975052,0.02345509643975052,0.011340906450677049,0.0035070683737306735
crop_intercept_sp3,27,-0.0003417720463568891,0.002305824021421185,0.003590027997068119,0.0008656081045148563
crop_nitrogen_above_sp3,27,-0.00419290412905948,0.00420215634579417,0.0020133722784274554,0.0006350256518790288
crop_nitrogen_below_sp3,27,-0.00939553078693402,0.00939553078693402,0.0013731474582258571,0.0004214654685626062
crop_carbon_above_sp10,27,0.030087159944054764,0.030087159944054764,0.014130722484854242,0.004503555533410359
crop_carbon_below_sp10,27,0.012367372373141297,0.012367372373141297,0.006784487558590336,0.0021804219569405386
crop_intercept_sp10,27,0.005762424393457938,0.0069020978601079365,0.006684003763079687,0.0015393972280490955
crop_nitrogen_above_sp10,27,-0.007081677975079104,0.007081677975079104,0.0014323384656656467,0.0004374111624651235
crop_nitrogen_below_sp10,27,-0.004457407240105443,0.004457407240105443,0.0014506415250373672,0.0004333593057345245
crop_proj_left_delta,27,-0.007077420516538982,0.011471304618246529,0.015607944764890472,0.0034387786473903887
crop_proj_yield_delta,27,0.14057103840483828,0.14148017137200136,0.05272169693605964,0.012961273253548613
crop_root_in_top_30,27,0.022517708217020694,0.022517708217020694,0.015619975322196266,0.004865144555205552
crop_root_to_shoot_sp3,27,0.014218404384388345,0.014239217017428068,0.009941280042328634,0.0027378226622488525
crop_slope_sp3,27,0.0004369026601361042,0.0025970581152688827,0.004484606860610324,0.0011118747939888464
crop_root_to_shoot_sp10,27,0.009079765530015372,0.009079765530015372,0.006580112584726575,0.002009623899890578
crop_slope_sp10,27,0.006598832308880092,0.009175638973643901,0.012140770206332446,0.00306771404559474
cy0_to_ceq_multiplier,27,-0.0006585793946931456,0.0030934929200341606,0.012433812010269387,0.0039584589592524975
litter_carbon,27,-0.017108156708636385,0.017108156708636385,0.006407898261453977,0.0020326975294114574
litter_nitrogen,27,0.023840581492757827,0.023840581492757827,0.0026222280512942582,0.0007248192172948737
mortality_fraction_branch_delta,27,-0.0005413443422518177,0.006220282300274096,0.008870685629003302,0.001866393226655252
mortality_fraction_croot_delta,27,-0.00106758083746918,0.0030342051149812215,0.006831983144772684,0.0018709306140355178
mortality_fraction_froot_delta,27,-7.921571828115593e-05,0.001593841822260278,0.003072994232926385,0.0008702692221777175
mortality_fraction_leaf_delta,27,-0.0005502350810902834,0.002710711615953981,0.004755651317392928,0.0011527154292162221
mortality_fraction_stem_delta,27,-0.008981212310876783,0.02075444501655866,0.03968718031791331,0.00990337831656408
pool_alloc_froot_sp1,27,0.015106581612094402,0.05264139344807891,0.08964563368664975,0.024571186380850953
pool_alloc_leaf_sp1,27,-0.014452716349288025,0.1253822159590044,0.21960857504531597,0.04957859271881436
pool_alloc_stem_sp1,27,0.15270145741982333,0.5988686746609557,0.8883739679311187,0.19773060745757032
pool_turnover_branch_sp1,27,0.3166060405000043,0.34913009794054195,0.4661919977769917,0.10886995132098352
pool_turnover_croot_sp1,27,-0.04857501557067927,0.09408199502673889,0.17252209564382986,0.04763992636267597
pool_turnover_froot_sp1,27,-0.003429881741466073,0.03085473955444849,0.059320753674023834,0.014605016410625627
pool_turnover_leaf_sp1,27,-0.002426196289668117,0.03314325767858099,0.051976935773768475,0.01430336223887442
pool_turnover_stem_sp1,27,9.274962168238002,10.608527267532136,16.088173094483505,4.567266732527866
proj_cover,27,-0.25797298363469,0.4892575309454975,1.1660455411390012,0.3727786378736422
proj_fire_off,27,0.03348483420034675,0.03348483420034675,0.08017837640439177,0.025256290799290787
proj_fire_on,27,0.310553073043087,0.310553073043087,0.25680293216343136,0.08302204654771912
proj_mortality,27,0.571791252188438,0.6067738495941253,1.2255165358935878,0.38157605246598086
proj_thinning_delta,27,9.680121355622685,10.255250813534849,16.56608763485804,4.95452992045556
roth_c_cover_c,27,0.005551165911640005,0.014263795029494652,0.024969605844088118,0.006632010023792043
roth_c_dpm_frac_crop,27,-0.00622995967769312,0.00622995967769312,0.008843595104172255,0.0027220555079573603
roth_c_dpm_frac_tree,27,-0.00258264826486769,0.01636340487684714,0.024910704367627767,0.006166052071149906
roth_c_moisture_b_slope,27,0.039007867414672645,0.15248752012907824,0.3917246015833039,0.10132927666145938
roth_c_temp_a1,27,0.20162290990784942,0.2387019209093304,0.40242304137748314,0.10550726335711756
roth_c_temp_a2,27,-0.1872929987035065,0.42740842279948177,0.6697712919658364,0.1658864323946835
thinning_fraction_branch_delta,27,0.01069076499707669,0.01069076499707669,0.01342509352032941,0.004248633608284983
thinning_fraction_croot_delta,27,0.0037538345446979206,0.004096650803029356,0.00458667212819071,0.0013062313198681362
thinning_fraction_froot_delta,27,0.001976559236172634,0.001976559236172634,0.0021838387482382518,0.0006700103655596563
thinning_fraction_leaf_delta,27,0.003645987708710935,0.0036518216029263807,0.004324959350737626,0.0013127201725080168
thinning_fraction_stem_delta,27,0.017714820447194923,0.02390414070937321,0.028428479622472542,0.006641296389739286
tree_carbon_sp1,27,-0.19475777772860542,0.944998099158209,1.8576581394068863,0.47847492667136754
tree_nitrogen_branch_sp1,27,0.0011974794261474131,0.0011974794261474131,0.0008093352321177135,0.00022301310475738553
tree_nitrogen_croot_sp1,27,0.000981369275986055,0.000981369275986055,0.001847863369488458,0.0005496246093186971
tree_nitrogen_froot_sp1,27,0.02530380626602351,0.02530380626602351,0.02774077025502467,0.008767137900139716
tree_nitrogen_leaf_sp1,27,0.0414939134182222,0.0414939134182222,0.052494982353482406,0.015565620178480677
tree_nitrogen_stem_sp1,27,0.002538509315660803,0.002538509315660803,0.0018257738535436114,0.0005970459943487318
tree_root_in_top_30,27,-0.03261771269024243,0.0982774191105906,0.1918304872221024,0.050408258046563986
tree_root_to_shoot_sp1,27,-0.028750278099865783,0.10815597073222087,0.2252391294236949,0.055627113231577735
cy0,28,-0.02679222840132095,0.13456456283146273,0.2942677323170685,0.07483522606847658
clay,28,-0.0012183466242325109,0.029231953678397194,0.07127879989670102,0.020195726567638708
temp_ci_delta,28,0.10947245336504104,0.1663115876664027,0.2968214831658617,0.08818536829128376
rain_ci_delta,28,0.5131783743714431,1.094140444859413,2.705654922079654,0.7007406263178451
evap_ci_delta,28,0.03494979983702906,0.17387372111237154,0.4728626958094954,0.11503237546508426
ef_burn_crop_N2O_scale,28,-0.0039499732467999345,0.004030217422208002,0.0025009049912590995,0.0006045975340585087
ef_burn_crop_CH4_scale,28,-0.014834613573783007,0.014975786882222397,0.009501749994655454,0.00264220605566934
ef_burn_tree_N2O_scale,28,0.005251892208382169,0.005251892208382169,0.006596050966117028,0.0019831583707651764
ef_burn_tree_CH4_scale,28,0.02219308178424643,0.02219308178424643,0.02464798527397436,0.0073053706060642685
ef_N_inputs,28,-0.06738985591582092,0.09994247159963879,0.09145853581882617,0.018051004553297133
combustion_factor_crop,28,-0.017322292429776655,0.01776209611735942,0.012706216121059218,0.0034883349075350905
combustion_factor_tree,28,0.030198360573847016,0.030198360573847016,0.0370833314075409,0.010804414656866004
volatile_frac_organic_fertiliser,28,-0.002875425650973884,0.002875425650973884,0.00030556244209786445,8.220332913378986e-05
volatile_frac_synthetic_fertiliser,28,0.016297396888962836,0.016297396888962836,0.0016405654386364185,0.0005054828205225708
base_sf_qty_scale,28,-0.12981374696526432,0.12981374696526432,0.011684697112334715,0.003828718301943895
proj_lit_qty_scale,28,0.008967560802718955,0.012865362715926577,0.010804891640801244,0.0017771238937474452
base_stand_density_scale,28,0.0,0.0,0.0,0.0
proj_stand_density_scale,28,-0.004938810835689278,0.7065063466564793,1.1336333714539546,0.294788358136778
tree_wood_dens_sp1,28,0.14972692429222967,0.6829390053647556,0.930014584412528,0.19837960171558422
base_cover,28,0.15644861630624285,0.16352099540681456,0.34737508505872483,0.11292003643607479
base_fire_off,28,-0.024885313060658505,0.024885313060658505,0.08969221031413536,0.023475185917333705
base_fire_on,28,-0.03493285974000283,0.03493285974000283,0.0059561448956430545,0.0018859905989437097
base_mortality,28,0.0,0.0,0.0,0.0
base_sf_n_delta,28,-0.13290163271820052,0.13290163271820052,0.013646164833617141,0.004551771405151827
base_thinning_delta,28,0.0,0.0,0.0,0.0
crop_base_left_delta,28,0.09177507259454085,0.09177507259454085,0.03647178237176325,0.011442233997158123
crop_base_yield_delta,28,-0.005168266516782897,0.029354605732841453,0.04134871567931254,0.008811416028620837
crop_carbon_above_sp3,28,0.006961479592296024,0.007965334044681947,0.006580966214323718,0.001630145287531383
crop_carbon_below_sp3,28,0.022131084600919247,0.022131084600919247,0.011316328678472948,0.0034841026205860853
crop_intercept_sp3,28,-0.0003373682947192813,0.0022862762369264046,0.0035734921460916927,0.0008655982361638928
crop_nitrogen_above_sp3,28,-0.0041929041290594046,0.004202156345794095,0.0020133722784276137,0.00063502565187912
crop_nitrogen_below_sp3,28,-0.00939553078693397,0.00939553078693397,0.0013731474582259495,0.0004214654685626966
crop_carbon_above_sp10,28,0.028934801793172947,0.028934801793172947,0.013900300947063914,0.004426061981865536
crop_carbon_below_sp10,28,0.01188975054400756,0.01188975054400756,0.006674734250279155,0.002150020903940063
crop_intercept_sp10,28,0.0053912665613757346,0.0067157972014863345,0.006719232368352048,0.0015214345716578512
crop_nitrogen_above_sp10,28,-0.007081677975079229,0.007081677975079229,0.0014323384656655573,0.0004374111624651104
crop_nitrogen_below_sp10,28,-0.004457407240105793,0.004457407240105793,0.0014506415250372174,0.0004333593057344429
crop_proj_left_delta,28,-0.007175633382304339,0.011478714726880227,0.01569169925303274,0.003462683807858123
crop_proj_yield_delta,28,0.14224943890914082,0.14298046829996747,0.052861298136233005,0.013067624877878277
crop_root_in_top_30,28,0.020748509193496342,0.020748509193496342,0.015501473916783534,0.004810585271046126
crop_root_to_shoot_sp3,28,0.013053077502164643,0.013198554484676082,0.009921279163460058,0.00269460867329125
crop_slope_sp3,28,-9.384678808760927e-05,0.0027703341874379837,0.004431001349754891,0.0010353548993691421
crop_root_to_shoot_sp10,28,0.008614928939321859,0.008614928939321859,0.006566634641755248,0.0020036686001330176
crop_slope_sp10,28,0.00558778816861617,0.00859613241667002,0.01196188540023389,0.0029848606982586343
cy0_to_ceq_multiplier,28,-0.0006208941977686455,0.0028212831361882572,0.011078655939879594,0.003513677608357212
litter_carbon,28,-0.01646126657302513,0.01646126657302513,0.006395044395455783,0.0020301077439014016
litter_nitrogen,28,0.023840581492758035,0.023840581492758035,0.002622228051293998,0.0007248192172948779
mortality_fraction_branch_delta,28,-0.00022484698410632774,0.006155967307199237,0.008654813570473464,0.001806986016975316
mortality_fraction_croot_delta,28,-0.0010451735353054104,0.0030463499340728896,0.0069529594158483045,0.0019095646162026075
mortality_fraction_froot_delta,28,-6.68284252922896e-05,0.001601813366299834,0.003100444853627686,0.000878789032168911
mortality_fraction_leaf_delta,28,-0.0005167533229074539,0.002709465368494218,0.004799191610879175,0.0011690139476281175
mortality_fraction_stem_delta,28,-0.008953340596411561,0.020746244983717688,0.039995401379289384,0.00998249832319268
pool_alloc_froot_sp1,28,0.015664025124085896,0.05294882028707184,0.08995112589484126,0.0245987513549247
pool_alloc_leaf_sp1,28,-0.013910169077002665,0.12581565460639949,0.22094981333829405,0.04991946228825125
pool_alloc_stem_sp1,28,0.13653360547426185,0.5810424007254289,0.8711799892332012,0.19587478235782171
pool_turnover_branch_sp1,28,0.3053440716769377,0.3395885732875633,0.4650938129070209,0.10817210454929888
pool_turnover_croot_sp1,28,-0.044682531072988085,0.09240648775722182,0.17312058225015411,0.04779742111446865
pool_turnover_froot_sp1,28,-0.0019172327942606703,0.031254446549301984,0.060204709157664085,0.014917014635235917
pool_turnover_leaf_sp1,28,-0.0008992386426098592,0.03308163002188662,0.0519040853497925,0.014308304480657523
pool_turnover_stem_sp1,28,9.122532632812439,10.508209490838592,16.140404901334378,4.576568876143836
proj_cover,28,-0.2605246133164125,0.4792273453405418,1.104960369587092,0.35149337881164816
proj_fire_off,28,0.033484834200346536,0.033484834200346536,0.08017837640439104,0.025256290799290444
proj_fire_on,28,0.30866549548129785,0.30866549548129785,0.2656025792405178,0.08592866771819309
proj_mortality,28,0.5776608647182931,0.6153053758451155,1.2788030459266566,0.39922684909521705
proj_thinning_delta,28,9.590737862522216,10.224149739479945,16.72290862723966,4.981411485281166
roth_c_cover_c,28,0.005642692890744405,0.014007642215971838,0.02488111473476576,0.006701110821445051
roth_c_dpm_frac_crop,28,-0.0051773083734517914,0.0051773083734517914,0.007657071033082217,0.0023384711120701483
roth_c_dpm_frac_tree,28,-0.0023757860965735317,0.016092218686414174,0.0247339825927783,0.006180982982320185
roth_c_moisture_b_slope,28,0.043812155321425766,0.1509689538769289,0.3864929064433916,0.09975218478899345
roth_c_temp_a1,28,0.19965762495788772,0.2388071702565509,0.412294434998743,0.10766145193336109
roth_c_temp_a2,28,-0.1836556637286412,0.42513901897156225,0.6747334090686116,0.16840382230623133
thinning_fraction_branch_delta,28,0.010299239174093422,0.010299239174093422,0.012774131543301466,0.003995790830810234
thinning_fraction_croot_delta,28,0.003662852312988696,0.0040148891416487255,0.004469972347441591,0.001263620935648978
thinning_fraction_froot_delta,28,0.0019167095516537612,0.0019167095516537612,0.0021490953311405635,0.0006630376052225092
thinning_fraction_leaf_delta,28,0.0035983388072317185,0.0035983388072317185,0.004262670736657261,0.001300948459774439
thinning_fraction_stem_delta,28,0.017234947673327138,0.023574506935070284,0.028455215307785664,0.006567244498304944
tree_carbon_sp1,28,-0.20723871040506975,0.9408968470334813,1.8707278991889058,0.484595173222757
tree_nitrogen_branch_sp1,28,0.0011766907086095014,0.0011766907086095014,0.0008273744242347596,0.00022841776956400927
tree_nitrogen_croot_sp1,28,0.0009868078227122878,0.0009868078227122878,0.0019180371136993093,0.0005709373630139721
tree_nitrogen_froot_sp1,28,0.025301351851868815,0.025301351851868815,0.02853034751823882,0.009018705333849086
tree_nitrogen_leaf_sp1,28,0.041678043234836114,0.041678043234836114,0.054464224959834474,0.01613355087310344
tree_nitrogen_stem_sp1,28,0.002494411588042267,0.002494411588042267,0.0018579215995167407,0.0006059946136134975
tree_root_in_top_30,28,-0.03201695478991491,0.09871751863904484,0.19444879203159762,0.051237950293029265
tree_root_to_shoot_sp1,28,-0.03022415419564401,0.10721559588737857,0.2267159911896244,0.05629607621113194
cy0,29,-0.026680209216093553,0.12579640453582358,0.2719700877130734,0.06887966480337335
clay,29,-0.0015384052771046848,0.028777455158710875,0.07387199064867367,0.02138643296161541
temp_ci_delta,29,0.10934528926945367,0.16592684673485597,0.3018818910644715,0.08976366011516261
rain_ci_delta,29,0.5282017693711477,1.0725842799439573,2.7010202524018023,0.6972586672210306
evap_ci_delta,29,0.028140604496339462,0.164570176393965,0.45928513297502294,0.11108027091183757
ef_burn_crop_N2O_scale,29,-0.003949973246800275,0.004030217422208393,0.002500904991259313,0.0006045975340585915
ef_burn_crop_CH4_scale,29,-0.014834613573782924,0.014975786882222314,0.009501749994655648,0.0026422060556694784
ef_burn_tree_N2O_scale,29,0.005209063595067997,0.005209063595067997,0.006735073989796676,0.0020251479143833084
ef_burn_tree_CH4_scale,29,0.022091295075793653,0.022091295075793653,0.025179908595530626,0.007474044578965418
ef_N_inputs,29,-0.06722742777836714,0.10162442649404735,0.09474261083125736,0.018681350769554947
combustion_factor_crop,29,-0.017322292429776807,0.017762096117359568,0.012706216121058982,0.003488334907535016
combustion_factor_tree,29,0.030097539139096425,0.030097539139096425,0.03796856981344595,0.011085930816638943
volatile_frac_organic_fertiliser,29,-0.0028754256509737675,0.0028754256509737675,0.00030556244209774903,8.220332913373766e-05
volatile_frac_synthetic_fertiliser,29,0.016297396888962985,0.016297396888962985,0.0016405654386364538,0.00050548282052258
base_sf_qty_scale,29,-0.12981374696526465,0.12981374696526465,0.011684697112333976,0.003828718301943562
proj_lit_qty_scale,29,0.009602501174315986,0.01326986608456308,0.01077414063314163,0.0017611860737227786
base_stand_density_scale,29,0.0,0.0,0.0,0.0
proj_stand_density_scale,29,-0.0075121836793310805,0.6968797214316595,1.1263985495783282,0.29462239284506087
tree_wood_dens_sp1,29,0.1446061495768979,0.6717988633319416,0.9196490923153873,0.19699008404110993
base_cover,29,0.1513611562557959,0.15991957667474915,0.3403667479825743,0.11058484553025383
base_fire_off,29,-0.024885313060658505,0.024885313060658505,0.08969221031413536,0.023475185917333705
base_fire_on,29,-0.0349328597400026,0.0349328597400026,0.005956144895642711,0.0018859905989435971
base_mortality,29,0.0,0.0,0.0,0.0
base_sf_n_delta,29,-0.13290163271820074,0.13290163271820074,0.013646164833617436,0.004551771405151935
base_thinning_delta,29,0.0,0.0,0.0,0.0
crop_base_left_delta,29,0.08917420490031183,0.08917420490031183,0.03646676322125312,0.011464125561625772
crop_base_yield_delta,29,-0.008835948286000784,0.0302020731885789,0.04072871784880618,0.008400387827483282
crop_carbon_above_sp3,29,0.006581913920389498,0.007693673134158685,0.006591953482135424,0.0016013082314430987
crop_carbon_below_sp3,29,0.021010276841997893,0.021010276841997893,0.011315686805982765,0.00347129071069374
crop_intercept_sp3,29,-0.00033272557103606324,0.002267670132631966,0.0035581039221537075,0.0008658095516985953
crop_nitrogen_above_sp3,29,-0.004192904129059288,0.004202156345793945,0.0020133722784273647,0.0006350256518790166
crop_nitrogen_below_sp3,29,-0.009395530786934095,0.009395530786934095,0.0013731474582259304,0.00042146546856263145
crop_carbon_above_sp10,29,0.027839208054114085,0.027839208054114085,0.013687792492701191,0.004355170146505277
crop_carbon_below_sp10,29,0.011435661289078086,0.011435661289078086,0.00657361388376439,0.002121922192891955
crop_intercept_sp10,29,0.005037436872803333,0.006607647548700154,0.006755130966247252,0.0014829918459159657
crop_nitrogen_above_sp10,29,-0.0070816779750786625,0.0070816779750786625,0.0014323384656658776,0.0004374111624652803
crop_nitrogen_below_sp10,29,-0.004457407240105435,0.004457407240105435,0.0014506415250372642,0.0004333593057345099
crop_proj_left_delta,29,-0.007161828261639117,0.01142076003800976,0.015724021322731402,0.0034715742168503335
crop_proj_yield_delta,29,0.14386488801703112,0.14442597828343143,0.05298848810152309,0.013167124757088531
crop_root_in_top_30,29,0.019213655498931552,0.019213655498931552,0.015430038686877243,0.004774241406876638
crop_root_to_shoot_sp3,29,0.012067255402690713,0.012319312977134312,0.009933683619703641,0.0026740510760092217
crop_slope_sp3,29,-0.0005323127565489139,0.0029439214722683017,0.004386283388566048,0.0009776932073765569
crop_root_to_shoot_sp10,29,0.008172366898456646,0.008172366898456646,0.006557117943341145,0.0019991781375362765
crop_slope_sp10,29,0.004625066287398919,0.008155553664357103,0.011801444224824317,0.0029136812228689026
cy0_to_ceq_multiplier,29,-0.0005903667024343779,0.0025677331242615203,0.009835702939087225,0.003106036089473292
litter_carbon,29,-0.01584374690807352,0.01584374690807352,0.0063861784746080934,0.002028948905246339
litter_nitrogen,29,0.023840581492757824,0.023840581492757824,0.0026222280512941064,0.0007248192172948457
mortality_fraction_branch_delta,29,7.154690906310268e-05,0.006080245700911013,0.008441655712972344,0.0017549264115043388
mortality_fraction_croot_delta,29,-0.0010240431144755118,0.003063180634239973,0.007065821759545198,0.001945691312441718
mortality_fraction_froot_delta,29,-5.579243648373422e-05,0.0016103336545736173,0.003124198390049713,0.0008851262782929806
mortality_fraction_leaf_delta,29,-0.0004852560208828821,0.0027159340684775072,0.004837188561314426,0.0011807316252773388
mortality_fraction_stem_delta,29,-0.008915646349226208,0.0207099271232069,0.040243660042702474,0.010049992045849354
pool_alloc_froot_sp1,29,0.01618088043471345,0.0532598882673191,0.09015218955256953,0.024564945477751527
pool_alloc_leaf_sp1,29,-0.01341324888567515,0.1260955708404022,0.22201805865483742,0.05020256058481085
pool_alloc_stem_sp1,29,0.12196835825774414,0.5648323045687429,0.8520141495788077,0.19236562379622568
pool_turnover_branch_sp1,29,0.2935595657673164,0.32946480573031167,0.46175943886249665,0.10700367020073118
pool_turnover_croot_sp1,29,-0.041137666887298106,0.09098187992283932,0.1737840890100079,0.04795282461240056
pool_turnover_froot_sp1,29,-0.0005722478829177591,0.03169846888656059,0.06113486574348245,0.015265074251957953
pool_turnover_leaf_sp1,29,0.0005331147492387723,0.033231441343626156,0.05179217936033674,0.01421937766898215
pool_turnover_stem_sp1,29,8.956537905664838,10.394319527513149,16.14505489927937,4.567651907810548
proj_cover,29,-0.26199198293860143,0.46751602529522085,1.0481149396469966,0.3318774606275892
proj_fire_off,29,0.0334848342003468,0.0334848342003468,0.08017837640439178,0.02525629079929079
proj_fire_on,29,0.30692670202870465,0.30692670202870465,0.27437387770687044,0.08882267480723151
proj_mortality,29,0.5832645299638017,0.6232570672266943,1.3307209836733944,0.41647160938557043
proj_thinning_delta,29,9.490394855422403,10.179923803246078,16.83546562365554,4.994688033142429
roth_c_cover_c,29,0.005710266191959887,0.013757766612871505,0.0248037040700518,0.0067718385845456685
roth_c_dpm_frac_crop,29,-0.004446589925217325,0.004446589925217325,0.0066344689185280584,0.0020138692036283964
roth_c_dpm_frac_tree,29,-0.002183329715930142,0.01581987733906029,0.02454198135256283,0.006186733092394475
roth_c_moisture_b_slope,29,0.047205294903919025,0.1490198003859426,0.3808680712395082,0.09810951669216245
roth_c_temp_a1,29,0.19700455454839727,0.23893094069391346,0.4222216481378127,0.10964712230786011
roth_c_temp_a2,29,-0.17828732049411058,0.4218731853081038,0.6781613523276979,0.17042822619325287
thinning_fraction_branch_delta,29,0.009941348223214342,0.009941348223214342,0.012171028834037825,0.00376257620161228
thinning_fraction_croot_delta,29,0.0035810099079935293,0.003940220914393703,0.004366569230100302,0.0012278846074387385
thinning_fraction_froot_delta,29,0.0018642560104702942,0.0018642560104702942,0.0021182186984823824,0.0006561505893221415
thinning_fraction_leaf_delta,29,0.0035524857822140598,0.0035524857822140598,0.004203077782992608,0.0012872025697796036
thinning_fraction_stem_delta,29,0.016809132561698227,0.023241027798933132,0.028440575594845533,0.006504724314868912
tree_carbon_sp1,29,-0.21790422888066047,0.9357975849690412,1.8793408330971337,0.4892514812109605
tree_nitrogen_branch_sp1,29,0.0011568666719170202,0.0011568666719170202,0.0008447710780787733,0.0002336306913195674
tree_nitrogen_croot_sp1,29,0.0009928185620752261,0.0009928185620752261,0.001988563762316437,0.0005923491639725398
tree_nitrogen_froot_sp1,29,0.02530891241834734,0.02530891241834734,0.029312674433347508,0.009267768169931334
tree_nitrogen_leaf_sp1,29,0.041880424365282345,0.041880424365282345,0.056429484834483255,0.01669977825260041
tree_nitrogen_stem_sp1,29,0.0024537102398363765,0.0024537102398363765,0.001890833871407822,0.0006151454839344275
tree_root_in_top_30,29,-0.03144722378165295,0.09908762671246048,0.19678431083964318,0.05196459371016818
tree_root_to_shoot_sp1,29,-0.03146447506225425,0.10619216704525673,0.22764072057405235,0.056792518187594815
cy0,30,-0.026545309582450594,0.11742041188004389,0.25105546170950327,0.06334238540654027
clay,30,-0.0018559883714758419,0.029624173887384038,0.07614821273867285,0.0219605607527689
temp_ci_delta,30,0.10906311227011245,0.16556685592724904,0.3068641720061773,0.09132225396875909
rain_ci_delta,30,0.5412671324111129,1.0549205875115066,2.7002912353388546,0.6950486187995322
evap_ci_delta,30,0.02200920762026546,0.15556725459086143,0.4462072458578739,0.1076425792516604
ef_burn_crop_N2O_scale,30,-0.003949973246800159,0.004030217422208227,0.0025009049912590882,0.0006045975340585157
ef_burn_crop_CH4_scale,30,-0.014834613573782643,0.014975786882221967,0.009501749994655515,0.0026422060556694086
ef_burn_tree_N2O_scale,30,0.005170353226264551,0.005170353226264551,0.00687724329546532,0.0020679303568891957
ef_burn_tree_CH4_scale,30,0.022004862526915508,0.022004862526915508,0.025731418034282836,0.007650067529361395
ef_N_inputs,30,-0.06703773060307655,0.10330450563302802,0.09801273413910722,0.019313435979940563
combustion_factor_crop,30,-0.017322292429776655,0.017762096117359454,0.012706216121059027,0.003488334907535035
combustion_factor_tree,30,0.03001550079195765,0.03001550079195765,0.038860898381303986,0.011370110451235758
volatile_frac_organic_fertiliser,30,-0.002875425650973909,0.002875425650973909,0.0003055624420977737,8.22033291337626e-05
volatile_frac_synthetic_fertiliser,30,0.016297396888962954,0.016297396888962954,0.0016405654386364625,0.0005054828205225821
base_sf_qty_scale,30,-0.12981374696526463,0.12981374696526463,0.011684697112334441,0.003828718301943761
proj_lit_qty_scale,30,0.010207301218148996,0.013659007863429279,0.010749589905416758,0.0017578269610578658
base_stand_density_scale,30,0.0,0.0,0.0,0.0
proj_stand_density_scale,30,-0.008978695316711721,0.686657858229933,1.1165970232141624,0.29345044197843295
tree_wood_dens_sp1,30,0.1404933031167358,0.6604093294303708,0.9077894482912607,0.19508540116479214
base_cover,30,0.1465749897658443,0.15655308900127698,0.3337727531900653,0.10839971503284837
base_fire_off,30,-0.024885313060658495,0.024885313060658495,0.08969221031413534,0.023475185917333698
base_fire_on,30,-0.03493285974000253,0.03493285974000253,0.005956144895642502,0.001885990598943564
base_mortality,30,0.0,0.0,0.0,0.0
base_sf_n_delta,30,-0.1329016327182006,0.1329016327182006,0.013646164833617481,0.004551771405151922
base_thinning_delta,30,0.0,0.0,0.0,0.0
crop_base_left_delta,30,0.08668702947785797,0.08668702947785797,0.03646426482179693,0.011485039945811184
crop_base_yield_delta,30,-0.012350534551508172,0.031447701488408704,0.040120010820485295,0.008079250454262643
crop_carbon_above_sp3,30,0.006244563511744331,0.007451659581392647,0.0066061283272251,0.0015802041674581634
crop_carbon_below_sp3,30,0.020020193402173578,0.02003525869163185,0.011327869225778229,0.003456856019335815
crop_intercept_sp3,30,-0.0003282731928593352,0.0022495001483768427,0.003543166652656066,0.000866156397864048
crop_nitrogen_above_sp3,30,-0.004192904129059339,0.004202156345794045,0.0020133722784274033,0.0006350256518790141
crop_nitrogen_below_sp3,30,-0.009395530786933991,0.009395530786933991,0.0013731474582258892,0.00042146546856263145
crop_carbon_above_sp10,30,0.02679647308623556,0.02679647308623556,0.013490462199979727,0.004289867748343566
crop_carbon_below_sp10,30,0.011003771882188814,0.011003771882188814,0.0064802730541968665,0.0020958942685678156
crop_intercept_sp10,30,0.00469940856942321,0.006530931946537063,0.006791240027972891,0.0014400230576660043
crop_nitrogen_above_sp10,30,-0.007081677975079212,0.007081677975079212,0.0014323384656657002,0.00043741116246514937
crop_nitrogen_below_sp10,30,-0.004457407240105631,0.004457407240105631,0.0014506415250372664,0.0004333593057345185
crop_proj_left_delta,30,-0.007085308405924293,0.011321560476892515,0.01571482777056873,0.0034703721122639384
crop_proj_yield_delta,30,0.14541939906030343,0.14581861313551348,0.05310454717635084,0.013260128594525277
crop_root_in_top_30,30,0.017834197046784666,0.01804491037376496,0.01539068479456132,0.004751773337068623
crop_root_to_shoot_sp3,30,0.011190566299543628,0.011533981423463301,0.009962022731391927,0.0026685344658886685
crop_slope_sp3,30,-0.0009151792507182219,0.0031239076171708084,0.00434719811327189,0.0009325829191279075
crop_root_to_shoot_sp10,30,0.007750232616397373,0.007750232616397373,0.006550649187156091,0.0019959765963453906
crop_slope_sp10,30,0.0037078939119769448,0.007842805438655055,0.01165689699044035,0.002845765838734963
cy0_to_ceq_multiplier,30,-0.0005662587231574923,0.002341850786227101,0.008695633075002452,0.0027321507673014767
litter_carbon,30,-0.01525389645052764,0.01525389645052764,0.006379904739829914,0.00202875720761344
litter_nitrogen,30,0.023840581492757668,0.023840581492757668,0.002622228051294206,0.0007248192172948956
mortality_fraction_branch_delta,30,0.0003499816373984138,0.006005665516433475,0.008228652808336692,0.0017028665875671123
mortality_fraction_croot_delta,30,-0.0010035498072317266,0.0030753209907728478,0.00716882980725245,0.0019790204117151244
mortality_fraction_froot_delta,30,-4.577744931335559e-05,0.0016183949056948698,0.003143434298152587,0.0008893504116103867
mortality_fraction_leaf_delta,30,-0.00045525784893432896,0.0027210375357950706,0.004868314953127688,0.0011902630728660296
mortality_fraction_stem_delta,30,-0.008864806331422784,0.020660563503787144,0.04042618050496363,0.010101621334876059
pool_alloc_froot_sp1,30,0.016664121146859834,0.053488686969944924,0.09022482718708869,0.0244954083551333
pool_alloc_leaf_sp1,30,-0.012937075799585562,0.12619225419821828,0.22275324873566263,0.05041283824505709
pool_alloc_stem_sp1,30,0.10896498385562588,0.5476958356047364,0.8308341675280814,0.18820247305784787
pool_turnover_branch_sp1,30,0.2812297779133361,0.31888085527544646,0.4561510529919513,0.10536071527409928
pool_turnover_croot_sp1,30,-0.03790351665776275,0.08980755754332834,0.17448024535950563,0.048076813360617886
pool_turnover_froot_sp1,30,0.0006217488831228857,0.03232523656951595,0.0620997428121218,0.015622650195784852
pool_turnover_leaf_sp1,30,0.0018807517728206796,0.033315547298764715,0.05163102840285945,0.014129657741973483
pool_turnover_stem_sp1,30,8.775068640952819,10.258133676894493,16.099847306948394,4.543337985979622
proj_cover,30,-0.2623828096770325,0.4572997461914691,0.9952796825947087,0.3122507219776875
proj_fire_off,30,0.03348483420034655,0.03348483420034655,0.08017837640439109,0.02525629079929045
proj_fire_on,30,0.30531134883636757,0.30531134883636757,0.2830836128712804,0.09169342433198717
proj_mortality,30,0.5885008815165607,0.6305444622131671,1.3807948648997752,0.4331467369474814
proj_thinning_delta,30,9.37686814206278,10.11689857139192,16.90012614562767,4.9950295867627235
roth_c_cover_c,30,0.005758561373147311,0.013491530198697107,0.024742174779732794,0.006846168203460721
roth_c_dpm_frac_crop,30,-0.0039056841412743347,0.0039056841412743347,0.0057638540001657005,0.0017417589891552657
roth_c_dpm_frac_tree,30,-0.00200594509877708,0.015543555796833058,0.02432404493551428,0.0061803412599820366
roth_c_moisture_b_slope,30,0.0494388673961602,0.14675417839149732,0.37457276717474486,0.09629841342784279
roth_c_temp_a1,30,0.19389358413729502,0.23886715295845243,0.43190959399221907,0.11158867121100087
roth_c_temp_a2,30,-0.17179932373204063,0.4193806056171695,0.6804203014817041,0.17110222435850014
thinning_fraction_branch_delta,30,0.00960905325921324,0.00960905325921324,0.01161207781476349,0.003547986015741026
thinning_fraction_croot_delta,30,0.003505057043094112,0.003869457745753685,0.004273303352691082,0.0011977856939870304
thinning_fraction_froot_delta,30,0.0018170555484395196,0.0018170555484395196,0.0020891302002085444,0.0006488797431811487
thinning_fraction_leaf_delta,30,0.003506936349507725,0.003506936349507725,0.00414522989883329,0.0012732548715545292
thinning_fraction_stem_delta,30,0.01642068675119037,0.022900853341781113,0.02838170863363075,0.006447747502715069
tree_carbon_sp1,30,-0.226705479901046,0.9295420723377459,1.8830711892422254,0.4923346143093484
tree_nitrogen_branch_sp1,30,0.0011379294759514436,0.0011379294759514436,0.0008615404268135549,0.00023865166784063838
tree_nitrogen_croot_sp1,30,0.000999306374696088,0.000999306374696088,0.0020591573754705017,0.0006137738089836834
tree_nitrogen_froot_sp1,30,0.025324757048416302,0.025324757048416302,0.030085885651977503,0.009513725451954912
tree_nitrogen_leaf_sp1,30,0.04209719226106703,0.04209719226106703,0.05838422682557445,0.017262499502377793
tree_nitrogen_stem_sp1,30,0.00241603348659761,0.00241603348659761,0.0019244103869678674,0.0006244738334541332
tree_root_in_top_30,30,-0.030889876842553433,0.09930309603348243,0.19878371635179753,0.052599456338491855
tree_root_to_shoot_sp1,30,-0.03247027952993996,0.1050659939158379,0.22796018300857335,0.05710487848838366
cy0,31,-0.026389512007168457,0.10941695603074524,0.23150910674908878,0.05820847882264845
clay,31,-0.002168864038489962,0.03069014994052291,0.07797714577270436,0.022255110126032217
temp_ci_delta,31,0.10867138060679704,0.16532451713848906,0.311708385106143,0.09280611847238286
rain_ci_delta,31,0.5524501384164746,1.0446982149297361,2.7021374018064437,0.693441089083943
evap_ci_delta,31,0.016538447670974524,0.1477990287424957,0.4338605535908812,0.10472018185160639
ef_burn_crop_N2O_scale,31,-0.003949973246800309,0.00403021742220846,0.0025009049912594165,0.0006045975340585837
ef_burn_crop_CH4_scale,31,-0.014834613573782903,0.014975786882222262,0.009501749994655454,0.002642206055669308
ef_burn_tree_N2O_scale,31,0.005135261873670574,0.005135261873670574,0.007021632741464268,0.002111250545348604
ef_burn_tree_CH4_scale,31,0.02193176229566598,0.02193176229566598,0.026298334398799993,0.007831962256659953
ef_N_inputs,31,-0.06682780525639168,0.10493719239154668,0.10125515649050087,0.019960935917814396
combustion_factor_crop,31,-0.017322292429776807,0.017762096117359568,0.01270621612105926,0.003488334907535087
combustion_factor_tree,31,0.029949586493698964,0.029949586493698964,0.0397569723003613,0.011655811030379834
volatile_frac_organic_fertiliser,31,-0.002875425650973959,0.002875425650973959,0.00030556244209772713,8.2203329133771e-05
volatile_frac_synthetic_fertiliser,31,0.016297396888962944,0.016297396888962944,0.0016405654386363617,0.0005054828205225403
base_sf_qty_scale,31,-0.12981374696526463,0.12981374696526463,0.011684697112334354,0.0038287183019437222
proj_lit_qty_scale,31,0.010784027830938616,0.014032775522631038,0.01072938095123581,0.0017651028503396413
base_stand_density_scale,31,0.0,0.0,0.0,0.0
proj_stand_density_scale,31,-0.009330746267762553,0.6757510703364178,1.1040489457602671,0.2912338483951222
tree_wood_dens_sp1,31,0.13734914139632987,0.6486905677531642,0.8943609738663566,0.19265870125435813
base_cover,31,0.14206665853725484,0.15351023718323392,0.3275558637380081,0.10627076207643124
base_fire_off,31,-0.024885313060658488,0.024885313060658488,0.08969221031413531,0.023475185917333694
base_fire_on,31,-0.034932859740002584,0.034932859740002584,0.005956144895642596,0.0018859905989435679
base_mortality,31,0.0,0.0,0.0,0.0
base_sf_n_delta,31,-0.13290163271820052,0.13290163271820052,0.013646164833617329,0.0045517714051518466
base_thinning_delta,31,0.0,0.0,0.0,0.0
crop_base_left_delta,31,0.08430672682722908,0.08430672682722908,0.036461772127889085,0.011504220628297259
crop_base_yield_delta,31,-0.01571848984831841,0.033257277826672385,0.03952234050315745,0.007641835802186638
crop_carbon_above_sp3,31,0.005937332564193309,0.007228870079945082,0.006619648217741455,0.0015646838967971813
crop_carbon_below_sp3,31,0.01912205376038872,0.019222606994856815,0.011345546202357283,0.0034105763808498033
crop_intercept_sp3,31,-0.00032389929989046494,0.0022313426500651574,0.0035283945547370742,0.0008665576220713505
crop_nitrogen_above_sp3,31,-0.004192904129059055,0.004202156345793745,0.0020133722784275755,0.0006350256518790892
crop_nitrogen_below_sp3,31,-0.009395530786934215,0.009395530786934215,0.001373147458226066,0.0004214654685626819
crop_carbon_above_sp10,31,0.025803202225737988,0.025803202225737988,0.013306274313409621,0.004229424759786885
crop_carbon_below_sp10,31,0.010592763017863655,0.010592763017863655,0.0063938573476870824,0.0020717105157470215
crop_intercept_sp10,31,0.004377045456279992,0.006478694501192041,0.006827154037461728,0.001393149873329235
crop_nitrogen_above_sp10,31,-0.007081677975078871,0.007081677975078871,0.0014323384656656742,0.00043741116246516205
crop_nitrogen_below_sp10,31,-0.004457407240105864,0.004457407240105864,0.0014506415250371846,0.0004333593057344388
crop_proj_left_delta,31,-0.0069724170071264,0.011196222877164605,0.015673306297699724,0.003462157837594342
crop_proj_yield_delta,31,0.14691521223711285,0.1471601127046612,0.05321007129395459,0.013347039419550675
crop_root_in_top_30,31,0.016566550527593336,0.017008697078718184,0.01537136610482629,0.004736256566405046
crop_root_to_shoot_sp3,31,0.010387225641839403,0.010809496006715606,0.009996183223859957,0.0026728241886832655
crop_slope_sp3,31,-0.0012608021951611092,0.003325056395082804,0.004312065947613549,0.0008892513584577026
crop_root_to_shoot_sp10,31,0.007347293922958467,0.007347293922958467,0.006546036875410505,0.0019935603691660516
crop_slope_sp10,31,0.002833136345444143,0.007602662370261015,0.011526491657272977,0.002799009571457566
cy0_to_ceq_multiplier,31,-0.000547431150549374,0.0021391184217419783,0.007650636146054215,0.002390071808044618
litter_carbon,31,-0.014690179961387499,0.014690179961387499,0.006375151275629045,0.0020291506647547547
litter_nitrogen,31,0.023840581492757893,0.023840581492757893,0.0026222280512941468,0.0007248192172949206
mortality_fraction_branch_delta,31,0.0006123863185312023,0.0059512342930611115,0.008013634183219187,0.0016484444102576649
mortality_fraction_croot_delta,31,-0.0009830486304691383,0.003082580959497491,0.0072602621832359585,0.002008948048438392
mortality_fraction_froot_delta,31,-3.6426294760194544e-05,0.0016272970553800447,0.0031573803507989433,0.0008917971886458081
mortality_fraction_leaf_delta,31,-0.0004262214504634307,0.0027219460437991434,0.004891336879119326,0.0011979130347219264
mortality_fraction_stem_delta,31,-0.008797409269316336,0.020587387928382682,0.040536833055992594,0.010136408406001019
pool_alloc_froot_sp1,31,0.017120923694395402,0.05371806253298006,0.09014651744710075,0.024368619155991384
pool_alloc_leaf_sp1,31,-0.012457941232080582,0.12609885258015735,0.2230987929437718,0.050531361414307155
pool_alloc_stem_sp1,31,0.09747619525576692,0.5296565239204167,0.8076852726742739,0.18339043505802863
pool_turnover_branch_sp1,31,0.26834027171427166,0.3074187968762184,0.4482859649395344,0.10324606375091437
pool_turnover_croot_sp1,31,-0.0349458352077296,0.08870944113579748,0.17517616755583823,0.048230850687592045
pool_turnover_froot_sp1,31,0.0016803678876981033,0.03304598119880252,0.06308586022386085,0.015973245187593396
pool_turnover_leaf_sp1,31,0.003153117459143001,0.033486722101207164,0.051410424038599654,0.013923176709818992
pool_turnover_stem_sp1,31,8.576456770920483,10.096776963474841,16.002903206209623,4.503920690378231
proj_cover,31,-0.26176775669708674,0.44637600253402826,0.9462625134617659,0.29385090691695515
proj_fire_off,31,0.033484834200346834,0.033484834200346834,0.0801783764043919,0.025256290799290804
proj_fire_on,31,0.30379563365572704,0.30379563365572704,0.29169566218603743,0.09452933669522107
proj_mortality,31,0.5932648929986394,0.6370787603288888,1.4285390061793217,0.4490868505353643
proj_thinning_delta,31,9.24816005927084,10.033573207597652,16.913553052230338,4.981297346545403
roth_c_cover_c,31,0.005788857536735778,0.013229951414678235,0.024698601338094546,0.0069196405827526425
roth_c_dpm_frac_crop,31,-0.003483856361069293,0.003483856361069293,0.00502709363746692,0.0015145168151856905
roth_c_dpm_frac_tree,31,-0.001844935018771769,0.015261858218184016,0.024073101424667318,0.0061597289047064215
roth_c_moisture_b_slope,31,0.05072950940094926,0.1442514714518986,0.3675258003648436,0.09428988413840096
roth_c_temp_a1,31,0.19046741308413018,0.23879655625035962,0.4411377784063152,0.11336611792459039
roth_c_temp_a2,31,-0.16457757281591376,0.4159158980318097,0.68177138819315,0.17172696867851153
thinning_fraction_branch_delta,31,0.009297460031025395,0.009297460031025395,0.011093943706615868,0.0033509492375339775
thinning_fraction_croot_delta,31,0.0034331735653320068,0.0038007221696639754,0.004187440179010011,0.0011721628739219116
thinning_fraction_froot_delta,31,0.0017737101754557922,0.0017737101754557922,0.0020605560783238555,0.0006409800045491682
thinning_fraction_leaf_delta,31,0.003460941049945962,0.003460941049945962,0.004088457223824434,0.0012590132641137589
thinning_fraction_stem_delta,31,0.016060178117824828,0.0225514670782575,0.028273431140482946,0.006391557069227161
tree_carbon_sp1,31,-0.23359113816706042,0.9219931442228398,1.8815384309340597,0.49374617146125965
tree_nitrogen_branch_sp1,31,0.001119805017098735,0.001119805017098735,0.0008776888682351278,0.00024347879512489576
tree_nitrogen_croot_sp1,31,0.0010061768976815572,0.0010061768976815572,0.00212951664258958,0.0006351203098331257
tree_nitrogen_froot_sp1,31,0.025347236132184224,0.025347236132184224,0.030848008029914893,0.00975594061979647
tree_nitrogen_leaf_sp1,31,0.04232452357977994,0.04232452357977994,0.06032148762689487,0.017819784835793533
tree_nitrogen_stem_sp1,31,0.002381051894996469,0.002381051894996469,0.0019585384972739686,0.0006339510830089279
tree_root_in_top_30,31,-0.030325738243682454,0.09949530820497773,0.20039649882473762,0.053115620221925564
tree_root_to_shoot_sp1,31,-0.033239989164701125,0.10381999269747466,0.2276270666743956,0.057222717572637666
cy0,32,-0.02621350930785543,0.10169299430259579,0.21332092290404472,0.05349701778911209
clay,32,0.0028528128107830784,0.030613997777384945,0.08114478126233388,0.02341091339087562
temp_ci_delta,32,0.085974606033043,0.1671397488524948,0.31723807355675054,0.09160647533842212
rain_ci_delta,32,0.46585688859932606,1.036181521019779,2.654358620299379,0.6778038608350381
evap_ci_delta,32,0.044476997155946864,0.1537439803724642,0.4294856117318969,0.10541785016361854
ef_burn_crop_N2O_scale,32,-0.005265088621357928,0.005280373647966075,0.0031715425661117177,0.0007929160788464949
ef_burn_crop_CH4_scale,32,-0.019646628497269787,0.019668161301219417,0.01192662628981938,0.0033581499836684795
ef_burn_tree_N2O_scale,32,0.005103323078510536,0.005103323078510536,0.007167304116447778,0.002154845532786051
ef_burn_tree_CH4_scale,32,0.021870063317766978,0.021870063317766978,0.02687640706556248,0.008018250047025242
ef_N_inputs,32,-0.07944262433897331,0.11640548172436127,0.10419137949458698,0.019725745361177608
combustion_factor_crop,32,-0.023108582373567867,0.02313439661124035,0.01555430858724389,0.004563672827451574
combustion_factor_tree,32,0.02989728633876565,0.02989728633876565,0.04065332182238483,0.011941868290058446
volatile_frac_organic_fertiliser,32,-0.002875425650973934,0.002875425650973934,0.000305562442097812,8.220332913378427e-05
volatile_frac_synthetic_fertiliser,32,0.016297396888962902,0.016297396888962902,0.001640565438636282,0.0005054828205225186
base_sf_qty_scale,32,-0.12981374696526443,0.12981374696526443,0.011684697112334405,0.0038287183019437556
proj_lit_qty_scale,32,0.011334475053056337,0.01439122185610281,0.010712017722193318,0.0017812841801717284
base_stand_density_scale,32,0.0,0.0,0.0,0.0
proj_stand_density_scale,32,-0.008561148921776595,0.6640871046231976,1.0886134230615567,0.2879443079719626
tree_wood_dens_sp1,32,0.1351393420249462,0.6365784525746019,0.879317302432363,0.18971073144487605
base_cover,32,0.13781536558467883,0.1507774395478253,0.3216825451454664,0.10418310630829568
base_fire_off,32,-0.024885313060658488,0.024885313060658488,0.08969221031413531,0.023475185917333694
base_fire_on,32,-0.034932859740002487,0.034932859740002487,0.005956144895642709,0.001885990598943604
base_mortality,32,0.0,0.0,0.0,0.0
base_sf_n_delta,32,-0.13290163271820074,0.13290163271820074,0.013646164833617356,0.0045517714051518925
base_thinning_delta,32,0.0,0.0,0.0,0.0
crop_base_left_delta,32,0.08202866384160765,0.08202866384160765,0.03645652698294906,0.01152085757386643
crop_base_yield_delta,32,-0.018946977943687097,0.03517515094515237,0.03893470198762408,0.007202997173700774
crop_carbon_above_sp3,32,0.06470841075379463,0.06470841075379463,0.03295211889198593,0.009635061726075637
crop_carbon_below_sp3,32,0.10070536398040977,0.10070536398040977,0.019205869943229505,0.006162841368969835
crop_intercept_sp3,32,0.031204813129226176,0.03278224165575874,0.03290495563762817,0.011668023534367545
crop_nitrogen_above_sp3,32,-0.011008484110479827,0.011008484110479827,0.004182521244883885,0.001249881712269501
crop_nitrogen_below_sp3,32,-0.016081035434721058,0.016081035434721058,0.0022305876086514322,0.0006893207916085866
crop_carbon_above_sp10,32,0.02485636813116455,0.02485636813116455,0.013133430949960195,0.004173219423620422
crop_carbon_below_sp10,32,0.010200696287646336,0.010200696287646336,0.00631397577467705,0.0020493171409250036
crop_intercept_sp10,32,0.004069273517840963,0.00645214826307298,0.0068627977695812515,0.0013407528932738993
crop_nitrogen_above_sp10,32,-0.007081677975079054,0.007081677975079054,0.001432338465665855,0.0004374111624652171
crop_nitrogen_below_sp10,32,-0.004457407240105527,0.004457407240105527,0.0014506415250372553,0.0004333593057345065
crop_proj_left_delta,32,0.0920208122745727,0.0920208122745727,0.05954103096457894,0.019083684022767125
crop_proj_yield_delta,32,-0.34273665332150866,0.34273665332150866,0.14818985464869588,0.0466166796461379
crop_root_in_top_30,32,0.0900321849663884,0.0900321849663884,0.022410478527981923,0.007294221041120958
crop_root_to_shoot_sp3,32,0.08235511732835757,0.08235511732835757,0.015990121608196958,0.0047450751329587626
crop_slope_sp3,32,0.02267478474669586,0.02267478474669586,0.005891468431180735,0.00197363203156983
crop_root_to_shoot_sp10,32,0.006962379661963151,0.006962379661963151,0.006542890184536837,0.001991846457879333
crop_slope_sp10,32,0.001998211741277428,0.007510334532540158,0.011408654923827937,0.002747449090790519
cy0_to_ceq_multiplier,32,-0.0005333987371733239,0.0019493810367785247,0.006695046008465041,0.0020777571448188205
litter_carbon,32,-0.014151152013237429,0.014151152013237429,0.00637102177406431,0.002029835314145247
litter_nitrogen,32,0.02384058149275781,0.02384058149275781,0.002622228051294275,0.0007248192172949045
mortality_fraction_branch_delta,32,0.0008605202844872318,0.005927558862067583,0.007794872621897317,0.001592194278850287
mortality_fraction_croot_delta,32,-0.0009619575675463565,0.0030847341881941937,0.007338432126246321,0.0020349064670217697
mortality_fraction_froot_delta,32,-2.742752684113947e-05,0.0016332157896302047,0.003165299496967141,0.0008925880189115414
mortality_fraction_leaf_delta,32,-0.0003976691111519215,0.0027185012705183476,0.004905089678045984,0.001203263005085452
mortality_fraction_stem_delta,32,-0.008710521423102285,0.020504516310857417,0.04057045688916055,0.01015653418850777
pool_alloc_froot_sp1,32,0.017558131965447886,0.05389276604265053,0.08989625255718497,0.024189138694897718
pool_alloc_leaf_sp1,32,-0.01195351359160558,0.12580879386053295,0.22300188487898523,0.05054053985292467
pool_alloc_stem_sp1,32,0.08744759559457302,0.5114584627452294,0.7827037585460365,0.17787338707734468
pool_turnover_branch_sp1,32,0.2548869613491014,0.2964465547534617,0.43824617896030743,0.10044174136155642
pool_turnover_croot_sp1,32,-0.032233285167639916,0.087801021371452,0.17583844462157933,0.04837262482989058
pool_turnover_froot_sp1,32,0.0026181474061904354,0.033859033374328676,0.06407820938893453,0.016336783798706133
pool_turnover_leaf_sp1,32,0.004358740447561596,0.033765039399274194,0.05112065925217724,0.01367235025617143
pool_turnover_stem_sp1,32,8.359318814865734,9.909691680359218,15.852846692132983,4.448907383911284
proj_cover,32,-0.15650796446561852,0.3789781924967642,0.8268936500830865,0.25579958906974676
proj_fire_off,32,0.023394939539442328,0.023394939539442328,0.07196133832964094,0.02342570071968775
proj_fire_on,32,0.29620773564600705,0.29620773564600705,0.3007721482290816,0.09762854392834644
proj_mortality,32,0.5974525124214501,0.6427710622709581,1.4734685735003505,0.4641275309623302
proj_thinning_delta,32,9.10250896411844,9.933113373829293,16.872820328191434,4.952593980493955
roth_c_cover_c,32,0.0036565265083389224,0.013020373893265155,0.02458159332284777,0.006874657623015318
roth_c_dpm_frac_crop,32,-0.09657450907346417,0.09657450907346417,0.028093619442233982,0.008036492963803963
roth_c_dpm_frac_tree,32,-0.0017014507407087805,0.014973202991007845,0.023782622461782206,0.006123112094774856
roth_c_moisture_b_slope,32,0.07132301203923452,0.14306068456505955,0.3862201926480979,0.10087751843581079
roth_c_temp_a1,32,0.15241345622116143,0.23405041028626777,0.45154432035366054,0.11143551098185231
roth_c_temp_a2,32,-0.07604153073088309,0.41949775460699534,0.6782917471476332,0.1615769720722082
thinning_fraction_branch_delta,32,0.009003291758081339,0.009003291758081339,0.010613524598414885,0.003170328807614646
thinning_fraction_croot_delta,32,0.0033642859389874436,0.003732908291299275,0.004106769271162349,0.0011499925427710257
thinning_fraction_froot_delta,32,0.0017332708348836406,0.0017332708348836406,0.002031768791580641,0.0006323537192157731
thinning_fraction_leaf_delta,32,0.003414162811342175,0.003414162811342175,0.0040322582918241754,0.0012444086220628162
thinning_fraction_stem_delta,32,0.01572210208224189,0.02219074680925141,0.02811057523819355,0.006332446581237435
tree_carbon_sp1,32,-0.23851445148669498,0.9130331853376277,1.874415877058808,0.49340187132840807
tree_nitrogen_branch_sp1,32,0.0011024229305055255,0.0011024229305055255,0.0008932152066775498,0.00024810870526945723
tree_nitrogen_croot_sp1,32,0.00101333649559264,0.00101333649559264,0.002199327569675618,0.0006562937281448946
tree_nitrogen_froot_sp1,32,0.025374772583870976,0.025374772583870976,0.0315969895074456,0.009993750717222137
tree_nitrogen_leaf_sp1,32,0.04255864053674559,0.04255864053674559,0.062233959539595936,0.018369601436910885
tree_nitrogen_stem_sp1,32,0.0023484719514181573,0.0023484719514181573,0.0019930949178203496,0.0006435453992261268
tree_root_in_top_30,32,-0.02973646470350875,0.09988750797858245,0.20157540460617088,0.053478547220259305
tree_root_to_shoot_sp1,32,-0.03377163383533867,0.10243941949766773,0.22660098872191375,0.05713715196513301
cy0,33,-0.026019167159972868,0.09423571928702497,0.19648907741929672,0.049212904970213134
clay,33,0.0036124026360725065,0.030772174408172016,0.080120033991115,0.02289242372928316
temp_ci_delta,33,0.08095075949346657,0.16711118423587804,0.3207940187804708,0.09255196590616918
rain_ci_delta,33,0.45059876246993,1.0252707807179977,2.644924083870415,0.6745814147515624
evap_ci_delta,33,0.04550993904736734,0.15078249714235825,0.4118452204803928,0.10056641555104337
ef_burn_crop_N2O_scale,33,-0.005265088621357937,0.005280373647966117,0.003171542566111626,0.0007929160788464626
ef_burn_crop_CH4_scale,33,-0.01964662849726999,0.01966816130121962,0.011926626289819166,0.003358149983668295
ef_burn_tree_N2O_scale,33,0.00507409934470239,0.00507409934470239,0.007313312355036327,0.0021984465936388357
ef_burn_tree_CH4_scale,33,0.021817917028746914,0.021817917028746914,0.027461343053149585,0.008207458538393119
ef_N_inputs,33,-0.07921261745523592,0.11788472548611517,0.10733942715391209,0.020368881188297397
combustion_factor_crop,33,-0.023108582373568103,0.02313439661124062,0.015554308587243687,0.0045636728274515434
combustion_factor_tree,33,0.029856222210351585,0.029856222210351585,0.041546373738780736,0.0122271013718626
volatile_frac_organic_fertiliser,33,-0.0028754256509738174,0.0028754256509738174,0.0003055624420978084,8.220332913376644e-05
volatile_frac_synthetic_fertiliser,33,0.016297396888962912,0.016297396888962912,0.0016405654386362715,0.000505482820522496
base_sf_qty_scale,33,-0.12981374696526454,0.12981374696526454,0.0116846971123345,0.003828718301943794
proj_lit_qty_scale,33,0.011860371664631822,0.014734614905421791,0.010696355485061189,0.001804828340916998
base_stand_density_scale,33,0.0,0.0,0.0,0.0
proj_stand_density_scale,33,-0.0066664362776555405,0.6516101648242386,1.0701913956077775,0.2835654762694319
tree_wood_dens_sp1,33,0.13383223032712874,0.6240212264492174,0.86263800241004,0.18624994715331758
base_cover,33,0.13380195951434187,0.14810744859762057,0.3161230415699588,0.10221639184258359
base_fire_off,33,-0.024885313060658505,0.024885313060658505,0.08969221031413536,0.023475185917333705
base_fire_on,33,-0.03493285974000302,0.03493285974000302,0.00595614489564329,0.0018859905989437305
base_mortality,33,0.0,0.0,0.0,0.0
base_sf_n_delta,33,-0.1329016327182005,0.1329016327182005,0.01364616483361743,0.0045517714051517754
base_thinning_delta,33,0.0,0.0,0.0,0.0
crop_base_left_delta,33,0.07984717676360886,0.07984717676360886,0.036446663327025626,0.011534412149764434
crop_base_yield_delta,33,-0.022041375720084688,0.03707774469333809,0.03835713231222304,0.006809845397093019
crop_carbon_above_sp3,33,0.04312560781573001,0.04312560781573001,0.023259380413932194,0.00702588656880511
crop_carbon_below_sp3,33,0.06943340382913818,0.06943340382913818,0.017733309417254976,0.005662504365814216
crop_intercept_sp3,33,0.01697351621783187,0.01854422812007895,0.01939058268438859,0.006648092787465167
crop_nitrogen_above_sp3,33,-0.011008484110479402,0.011008484110479402,0.0041825212448842125,0.001249881712269654
crop_nitrogen_below_sp3,33,-0.016081035434721058,0.016081035434721058,0.002230587608651211,0.0006893207916084999
crop_carbon_above_sp10,33,0.02395300443551419,0.02395300443551419,0.01297042297653244,0.004120607232806009
crop_carbon_below_sp10,33,0.009827036101862887,0.009827036101862887,0.006239370253329956,0.0020282876666269725
crop_intercept_sp10,33,0.0037754656158757475,0.00644264195404545,0.006897757375986462,0.0012881207366218135
crop_nitrogen_above_sp10,33,-0.007081677975079162,0.007081677975079162,0.0014323384656657044,0.0004374111624651511
crop_nitrogen_below_sp10,33,-0.004457407240105518,0.004457407240105518,0.00145064152503719,0.00043335930573449547
crop_proj_left_delta,33,0.054753196926334756,0.05545013320060763,0.039804107659776114,0.012352960606105438
crop_proj_yield_delta,33,-0.11650260026103723,0.13831464220042744,0.14663668111738243,0.03935542854081487
crop_root_in_top_30,33,0.05948207816411518,0.05948207816411518,0.021727089925863773,0.007153211257889009
crop_root_to_shoot_sp3,33,0.05076726733487656,0.05076726733487656,0.014549275858827596,0.0043938368546727865
crop_slope_sp3,33,0.011164436878185375,0.011164436878185375,0.005390722776880381,0.0017005999400874423
crop_root_to_shoot_sp10,33,0.006594228250651158,0.006594228250651158,0.006540558087327438,0.0019905338252309782
crop_slope_sp10,33,0.0012014264196323703,0.007478838579347466,0.011301353962288731,0.00269427306436243
cy0_to_ceq_multiplier,33,-0.0005229502333174707,0.0017713299053056686,0.005823458609840157,0.0017935345832637852
litter_carbon,33,-0.013635513800881497,0.013635513800881497,0.006366886356266938,0.002030570269951615
litter_nitrogen,33,0.023840581492757737,0.023840581492757737,0.0026222280512941828,0.0007248192172949171
mortality_fraction_branch_delta,33,0.0010959605782010836,0.005902437760413059,0.007571033671129976,0.0015296302928193316
mortality_fraction_croot_delta,33,-0.0009397207226809507,0.003081573896973369,0.007401733193807872,0.002056359688323727
mortality_fraction_froot_delta,33,-1.849426380809982e-05,0.001636064521772901,0.0031665159031974946,0.0008914825756269255
mortality_fraction_leaf_delta,33,-0.00036914598246438196,0.0027161439852521076,0.004908485538289187,0.001203780557146453
mortality_fraction_stem_delta,33,-0.008601420316309866,0.020391563341418673,0.04052225822631154,0.010157784966570337
pool_alloc_froot_sp1,33,0.017982362298775954,0.053973330940126865,0.08945563334831498,0.023958529757029404
pool_alloc_leaf_sp1,33,-0.011403239806329946,0.12531607579375784,0.22241504851688662,0.0504246638158901
pool_alloc_stem_sp1,33,0.07881676865409377,0.49531470933599514,0.7561224337099571,0.17174557975839685
pool_turnover_branch_sp1,33,0.24087836988453132,0.28551518191232533,0.4261867335471931,0.09718147885208957
pool_turnover_croot_sp1,33,-0.029736862996281987,0.0869440504306711,0.17643360535022135,0.048511882598789434
pool_turnover_froot_sp1,33,0.0034488892584572522,0.03457539858109035,0.06505989814136097,0.016715165341267636
pool_turnover_leaf_sp1,33,0.005505734136285523,0.03412228879875616,0.05075201171635273,0.013383085948758271
pool_turnover_stem_sp1,33,8.122585700623121,9.699417547775296,15.648893387403058,4.376725557084759
proj_cover,33,-0.13250490682038754,0.3637471976744141,0.7814538947453089,0.23761953383158504
proj_fire_off,33,0.023394939539442595,0.023394939539442595,0.0719613383296417,0.02342570071968813
proj_fire_on,33,0.2948254361633837,0.2948254361633837,0.30907720117780163,0.10035822313002107
proj_mortality,33,0.6009605563931162,0.648030891739675,1.5151086161108949,0.47813824975335995
proj_thinning_delta,33,8.93840777024932,9.811239641516657,16.775517490170586,4.908052305830791
roth_c_cover_c,33,0.003306549864422412,0.012770782268416695,0.024410067109392596,0.00689187861621284
roth_c_dpm_frac_crop,33,-0.05780242011975534,0.05780242011975534,0.025618071451181185,0.007993066495843295
roth_c_dpm_frac_tree,33,-0.001577146460780901,0.01467645302471872,0.023447620303808713,0.0060689576368368435
roth_c_moisture_b_slope,33,0.06904461945027478,0.13778883790558888,0.3666797912381155,0.09570874019175225
roth_c_temp_a1,33,0.13963268616586869,0.23479756001777466,0.4587951955459108,0.11155741034206107
roth_c_temp_a2,33,-0.04696234821559238,0.42075159568301795,0.6730189947685428,0.1584345764268783
thinning_fraction_branch_delta,33,0.008724255668417068,0.008724255668417068,0.010168000138225044,0.0030050035153409978
thinning_fraction_croot_delta,33,0.003297746654419409,0.0036653256208531437,0.00402945893977281,0.0011303844539847028
thinning_fraction_froot_delta,33,0.0016950651162112528,0.0016950651162112528,0.0020023930021605815,0.0006229928427803627
thinning_fraction_leaf_delta,33,0.0033664803504466546,0.0033664803504466546,0.003976213420881084,0.001229389252100654
thinning_fraction_stem_delta,33,0.015403148482521768,0.021816940502006877,0.027889014922464612,0.0062676713043074055
tree_carbon_sp1,33,-0.24143714328486374,0.9025645238605826,1.8614390490034987,0.4912343262519874
tree_nitrogen_branch_sp1,33,0.0010857165903994993,0.0010857165903994993,0.0009081120021662243,0.00025253685601496744
tree_nitrogen_croot_sp1,33,0.0010206924098399724,0.0010206924098399724,0.002268266741668609,0.0006771961823138324
tree_nitrogen_froot_sp1,33,0.02540585600907752,0.02540585600907752,0.032330727855294235,0.010226475613138497
tree_nitrogen_leaf_sp1,33,0.04279582152588509,0.04279582152588509,0.0641140833850087,0.018909840082630042
tree_nitrogen_stem_sp1,33,0.0023180307643066458,0.0023180307643066458,0.002027947487486755,0.0006532222099197218
tree_root_in_top_30,33,-0.029104414762087104,0.10014242727449083,0.20227679016185,0.05370052813157451
tree_root_to_shoot_sp1,33,-0.03406399558566849,0.10091218010606817,0.22484962495899094,0.05684112708462208
cy0,34,-0.025807346036665967,0.08754615663313448,0.18101781345700832,0.04525385281269898
clay,34,0.00390706926130355,0.030816736097072195,0.08025768207117477,0.022894813835112913
temp_ci_delta,34,0.08233105503829585,0.16686048218477872,0.32538212041635733,0.09398594271008284
rain_ci_delta,34,0.4481990378571744,1.0131719563910466,2.640133139265399,0.671756935716442
evap_ci_delta,34,0.045429845837487236,0.14982287026726698,0.4090373642131571,0.09978133676635138
ef_burn_crop_N2O_scale,34,-0.005265088621357919,0.005280373647966101,0.003171542566111613,0.0007929160788464262
ef_burn_crop_CH4_scale,34,-0.019646628497269898,0.019668161301219532,0.011926626289819263,0.003358149983668443
ef_burn_tree_N2O_scale,34,0.005047179337362692,0.005047179337362692,0.007458712203227938,0.0022417816951087427
ef_burn_tree_CH4_scale,34,0.021773552637505345,0.021773552637505345,0.028048841219767248,0.008398130889574317
ef_N_inputs,34,-0.07898235405379747,0.11931462298612325,0.11041494881387591,0.021013777913989524
combustion_factor_crop,34,-0.023108582373568,0.023134396611240515,0.015554308587243805,0.004563672827451541
combustion_factor_tree,34,0.02982413564351156,0.02982413564351156,0.04243247839170124,0.012510319760410553
volatile_frac_organic_fertiliser,34,-0.0028754256509738174,0.0028754256509738174,0.0003055624420977849,8.220332913375375e-05
volatile_frac_synthetic_fertiliser,34,0.016297396888962944,0.016297396888962944,0.0016405654386363682,0.0005054828205225583
base_sf_qty_scale,34,-0.12981374696526457,0.12981374696526457,0.01168469711233438,0.0038287183019437166
proj_lit_qty_scale,34,0.012363137322265483,0.015084278382689432,0.01068142249905338,0.0018241682996896923
base_stand_density_scale,34,0.0,0.0,0.0,0.0
proj_stand_density_scale,34,-0.0036497329789080936,0.6382805272847852,1.0487294720209086,0.27809500869548553
tree_wood_dens_sp1,34,0.13339681986419533,0.6109806711527218,0.8443317488157861,0.18229378355210848
base_cover,34,0.13000899719319461,0.1454969037259556,0.3108504561452775,0.10036048999370287
base_fire_off,34,-0.024885313060658505,0.024885313060658505,0.08969221031413536,0.023475185917333705
base_fire_on,34,-0.034932859740002556,0.034932859740002556,0.00595614489564253,0.0018859905989435804
base_mortality,34,0.0,0.0,0.0,0.0
base_sf_n_delta,34,-0.13290163271820074,0.13290163271820074,0.013646164833617375,0.004551771405151917
base_thinning_delta,34,0.0,0.0,0.0,0.0
crop_base_left_delta,34,0.07775713555272375,0.07775713555272375,0.036431084655991784,0.011544618823526347
crop_base_yield_delta,34,-0.025007928652525872,0.038892037127104886,0.037789362951808715,0.006500282801245266
crop_carbon_above_sp3,34,0.03402753893598027,0.03402753893598027,0.019514925029811964,0.00604987586920185
crop_carbon_below_sp3,34,0.05601919375809898,0.05601919375809898,0.017406031522478486,0.005518310958514452
crop_intercept_sp3,34,0.01099066286508755,0.012554088888787016,0.014287518245243947,0.004714434803399419
crop_nitrogen_above_sp3,34,-0.011008484110480077,0.011008484110480077,0.004182521244883639,0.0012498817122693587
crop_nitrogen_below_sp3,34,-0.0160810354347208,0.0160810354347208,0.002230587608651624,0.0006893207916086601
crop_carbon_above_sp10,34,0.023090955239634912,0.023090955239634912,0.012815885150660851,0.004071167743346592
crop_carbon_below_sp10,34,0.009470708309264393,0.009470708309264393,0.006169592910988699,0.0020085948815586545
crop_intercept_sp10,34,0.003495016863218803,0.006458668071360041,0.006931694229777129,0.001229935466304148
crop_nitrogen_above_sp10,34,-0.007081677975079016,0.007081677975079016,0.0014323384656658447,0.0004374111624652216
crop_nitrogen_below_sp10,34,-0.004457407240105568,0.004457407240105568,0.00145064152503719,0.0004333593057344684
crop_proj_left_delta,34,0.039221374412114124,0.040318650189748645,0.03192144220395679,0.00962459338031536
crop_proj_yield_delta,34,-0.01977129398171356,0.10929612598002239,0.1449409022641643,0.0306275069303032
crop_root_in_top_30,34,0.04595904205830238,0.04595904205830238,0.021534499197532957,0.007099600933811673
crop_root_to_shoot_sp3,34,0.03728442870065075,0.03728442870065075,0.013762833113194482,0.004136959709048049
crop_slope_sp3,34,0.005969443248630568,0.006284819717971085,0.0050370707681398705,0.0014113915141537887
crop_root_to_shoot_sp10,34,0.006242128137375918,0.006261072290258912,0.006538499292470395,0.0019895162603403823
crop_slope_sp10,34,0.0004398766457530595,0.007526975631737135,0.011203846906174353,0.0026409458625511226
cy0_to_ceq_multiplier,34,-0.0005157556647670452,0.0016040136808088607,0.00503333153754821,0.0015367717187077673
litter_carbon,34,-0.013142013819633244,0.013142013819633244,0.006362214807180139,0.0020311797746237737
litter_nitrogen,34,0.0238405814927579,0.0238405814927579,0.0026222280512941325,0.0007248192172948517
mortality_fraction_branch_delta,34,0.0013201912433187858,0.005874357797068769,0.007341361308445206,0.0014611129804847896
mortality_fraction_croot_delta,34,-0.0009158236743545295,0.0030729101347175907,0.007448676560069987,0.002072818678648651
mortality_fraction_froot_delta,34,-9.367092011597355e-06,0.001635853029970613,0.0031604220326111507,0.0008882550272408748
mortality_fraction_leaf_delta,34,-0.0003402354690553125,0.0027090978950393488,0.004900568334510255,0.0012013059920686362
mortality_fraction_stem_delta,34,-0.008467655443774827,0.02027997844676073,0.040388145773940794,0.010130312770727486
pool_alloc_froot_sp1,34,0.01839979563527618,0.05396030490642798,0.08880745763838062,0.023670820828101225
pool_alloc_leaf_sp1,34,-0.010788313109842757,0.12461516442641347,0.2212953362676408,0.0501695224294509
pool_alloc_stem_sp1,34,0.07151252374344531,0.4782644113225463,0.7282653924905438,0.16519148497056124
pool_turnover_branch_sp1,34,0.22633580157743177,0.2749416625369602,0.4123425537246355,0.09331988962254226
pool_turnover_croot_sp1,34,-0.027429811326067123,0.0860889580814308,0.17692910850198057,0.04865277910707794
pool_turnover_froot_sp1,34,0.004185579048711935,0.03530468374772612,0.06601226045921613,0.01709625128037743
pool_turnover_leaf_sp1,34,0.006601632593596118,0.03441419288005909,0.0502953989656342,0.013075870011481408
pool_turnover_stem_sp1,34,7.865524791257887,9.478873071932032,15.390928757098145,4.2835959889402835
proj_cover,34,-0.1208206857886405,0.3504952129833264,0.7346905198969438,0.22109140242342037
proj_fire_off,34,0.023394939539442293,0.023394939539442293,0.07196133832964086,0.023425700719687723
proj_fire_on,34,0.29347952212698647,0.29347952212698647,0.31716460960868115,0.10301457818294174
proj_mortality,34,0.6036903472836066,0.652753062193008,1.5530062564813318,0.490931872118735
proj_thinning_delta,34,8.754623200637512,9.665493263924684,16.619845495058275,4.847009955448457
roth_c_cover_c,34,0.0034805524076304386,0.01253850257273052,0.02452643687661958,0.007001134906416679
roth_c_dpm_frac_crop,34,-0.033458614177068115,0.033458614177068115,0.02337931022310256,0.007634826621837672
roth_c_dpm_frac_tree,34,-0.0014726493140547457,0.014370554779198403,0.023064558128743723,0.005996549863080708
roth_c_moisture_b_slope,34,0.0718790710182925,0.1347502450235017,0.3641718336667889,0.09546241176662434
roth_c_temp_a1,34,0.14122984124709098,0.2342817409212302,0.46354738531328554,0.11332680326561874
roth_c_temp_a2,34,-0.052417207373125975,0.4206321047125735,0.6785301487310471,0.16127397327324666
thinning_fraction_branch_delta,34,0.008458663137458907,0.008458663137458907,0.009754779592908018,0.002853877473504143
thinning_fraction_croot_delta,34,0.003233159227581475,0.003597544207996342,0.003954037544438097,0.0011125889461845893
thinning_fraction_froot_delta,34,0.001658588265006336,0.001658588265006336,0.001972245941518963,0.0006129353517448174
thinning_fraction_leaf_delta,34,0.003317873452023781,0.003317873452023781,0.003920029240132268,0.0012139200233129421
thinning_fraction_stem_delta,34,0.015101230982749611,0.02142869562283497,0.02760599244008423,0.006195319214264877
tree_carbon_sp1,34,-0.24233351156195426,0.8905108611770858,1.8424147183484316,0.48719592900236686
tree_nitrogen_branch_sp1,34,0.0010696231119184051,0.0010696231119184051,0.0009223669620641768,0.00025675784908332143
tree_nitrogen_croot_sp1,34,0.0010281530643015111,0.0010281530643015111,0.002336005098827341,0.0006977280086805563
tree_nitrogen_froot_sp1,34,0.025439039326109296,0.025439039326109296,0.03304709926347068,0.01045342723204148
tree_nitrogen_leaf_sp1,34,0.04303241714460777,0.04303241714460777,0.06595414970451251,0.019438344185345683
tree_nitrogen_stem_sp1,34,0.002289491703715019,0.002289491703715019,0.0020629569236985407,0.0006629446899375741
tree_root_in_top_30,34,-0.028413280319919777,0.10020117414967433,0.20246170841571973,0.053768661821422606
tree_root_to_shoot_sp1,34,-0.03411685059993188,0.0992285523452636,0.22234970536657128,0.05632981942290774
cy0,35,-0.0255795093523282,0.08272090170387818,0.1669212819375626,0.04142175529317791
clay,35,0.0034748780222339294,0.03051945554995742,0.08008783879796773,0.022908666361252068
temp_ci_delta,35,0.08536953673066741,0.16594788919110842,0.3296129849333599,0.09564987691402727
rain_ci_delta,35,0.45997554231760096,1.0008111792544423,2.6429042486451695,0.6710615607559672
evap_ci_delta,35,0.04048738413484645,0.14586848501463529,0.40371971438756343,0.0980668431954364
ef_burn_crop_N2O_scale,35,-0.005265088621358205,0.005280373647966419,0.0031715425661120863,0.0007929160788466263
ef_burn_crop_CH4_scale,35,-0.019646628497268195,0.019668161301217825,0.011926626289820203,0.0033581499836688724
ef_burn_tree_N2O_scale,35,0.00502217592138377,0.00502217592138377,0.007602566060775527,0.002284578331370757
ef_burn_tree_CH4_scale,35,0.021735275413733324,0.021735275413733324,0.028634630578023505,0.008588836028855516
ef_N_inputs,35,-0.07875804775787767,0.12069287477735298,0.11340256794222049,0.021654555394739424
combustion_factor_crop,35,-0.023108582373567586,0.0231343966112401,0.015554308587243867,0.004563672827451637
combustion_factor_tree,35,0.029798880078079164,0.029798880078079164,0.043307941247598354,0.01279033168547337
volatile_frac_organic_fertiliser,35,-0.002875425650974117,0.002875425650974117,0.0003055624420979533,8.220332913390149e-05
volatile_frac_synthetic_fertiliser,35,0.016297396888962777,0.016297396888962777,0.0016405654386366104,0.0005054828205226522
base_sf_qty_scale,35,-0.12981374696526463,0.12981374696526463,0.011684697112333775,0.00382871830194339
proj_lit_qty_scale,35,0.01284424559634314,0.01542125932289593,0.010666520157683726,0.001847944870772272
base_stand_density_scale,35,0.0,0.0,0.0,0.0
proj_stand_density_scale,35,3.040474852305373,3.040474852305373,3.5821837036699886,1.2424277327703153
tree_wood_dens_sp1,35,2.4948380154815797,2.4948380154815797,2.5983959513651804,0.7774558074130047
base_cover,35,0.1264209540889071,0.14303670110591765,0.3058408240921114,0.09860040747856065
base_fire_off,35,-0.02488531306065852,0.02488531306065852,0.0896922103141354,0.023475185917333708
base_fire_on,35,-0.034932859740002126,0.034932859740002126,0.005956144895642505,0.0018859905989436932
base_mortality,35,0.0,0.0,0.0,0.0
base_sf_n_delta,35,-0.1329016327182006,0.1329016327182006,0.013646164833616992,0.00455177140515175
base_thinning_delta,35,0.0,0.0,0.0,0.0
crop_base_left_delta,35,0.07575421140536737,0.07578952510015341,0.03640843659945443,0.011531293090810494
crop_base_yield_delta,35,-0.027852084576086955,0.04067877927719306,0.037230880740290864,0.006255363764324807
crop_carbon_above_sp3,35,0.02899961124138606,0.02899961124138606,0.016932478734783134,0.005339949728363954
crop_carbon_below_sp3,35,0.04864327223357472,0.04864327223357472,0.016568016109978365,0.005235403409399693
crop_intercept_sp3,35,0.0077444519872160115,0.009300109995974453,0.011439718439773433,0.003644067824206543
crop_nitrogen_above_sp3,35,-0.011008484110480193,0.011008484110480193,0.004182521244882928,0.0012498817122691699
crop_nitrogen_below_sp3,35,-0.016081035434720826,0.016081035434720826,0.0022305876086511816,0.0006893207916085417
crop_carbon_above_sp10,35,0.022267644801987653,0.022267644801987653,0.012668615758700796,0.004024459097087812
crop_carbon_below_sp10,35,0.009130709116087394,0.009133711207616097,0.0061041633134605875,0.001987604359985582
crop_intercept_sp10,35,0.0032265958608801715,0.006474828620473832,0.0069651940009303245,0.0011775494441087528
crop_nitrogen_above_sp10,35,-0.007081677975079204,0.007081677975079204,0.0014323384656666086,0.0004374111624653173
crop_nitrogen_below_sp10,35,-0.004457407240105326,0.004457407240105326,0.001450641525037271,0.00043335930573445237
crop_proj_left_delta,35,0.03102940038152332,0.03298970111022105,0.027565742808970842,0.007936537877810693
crop_proj_yield_delta,35,0.03299172421715986,0.11376749878796802,0.13693392351513597,0.026420117670045155
crop_root_in_top_30,35,0.03819661029048847,0.03819661029048847,0.02071602817765024,0.0068106861826240685
crop_root_to_shoot_sp3,35,0.03016009951129956,0.03016009951129956,0.012899677855305075,0.003829209480425726
crop_slope_sp3,35,0.003093096793289346,0.004129495053169846,0.004724095116216511,0.001100394529722692
crop_root_to_shoot_sp10,35,0.005905204603500108,0.005950345611005542,0.006536276602748545,0.0019861194493986448
crop_slope_sp10,35,-0.0002876777003531589,0.007631568505190547,0.011114714012422316,0.0025846424514165338
cy0_to_ceq_multiplier,35,-0.0005113972086166734,0.0014467572749031238,0.004323802664171177,0.0013075494812083619
litter_carbon,35,-0.0126695534309277,0.0126695534309277,0.006356613490263508,0.0020315185869269237
litter_nitrogen,35,0.023840581492758226,0.023840581492758226,0.00262222805129426,0.0007248192172950629
mortality_fraction_branch_delta,35,0.0015343364099613455,0.005832939183644093,0.0071054581537622055,0.0013932657213998174
mortality_fraction_croot_delta,35,-0.0008898054503865161,0.003074040461289107,0.007477907513357401,0.0020825883164306046
mortality_fraction_froot_delta,35,1.8461547452441884e-07,0.0016325930906341212,0.0031465059386613426,0.0008827130111849624
mortality_fraction_leaf_delta,35,-0.00031054353534831216,0.002697101620832415,0.004880491173104012,0.001195598711969001
mortality_fraction_stem_delta,35,-0.008307388952285302,0.020144154442670002,0.04016484470226556,0.010077121798302483
pool_alloc_froot_sp1,35,0.060677846429071404,0.06392882154782219,0.03337155311854,0.008224456954343543
pool_alloc_leaf_sp1,35,0.0022073079455626116,0.1189781488596207,0.20399661152777335,0.04524278593054234
pool_alloc_stem_sp1,35,-0.6380753302222513,2.056261164512825,2.9049322088485745,0.6863864050344903
pool_turnover_branch_sp1,35,-1.2035747823982919,1.2035747823982919,0.9931335088196036,0.2675316863477078
pool_turnover_croot_sp1,35,-0.349016170066814,0.35917513200586554,0.665722150858698,0.20211703658913993
pool_turnover_froot_sp1,35,-0.15121508001246453,0.15593442331691837,0.27406478195662715,0.08653384999483772
pool_turnover_leaf_sp1,35,-0.11465121245765408,0.11967381355647991,0.206762649158738,0.06582992091464145
pool_turnover_stem_sp1,35,-32.54768920753037,32.54768920753037,35.22309225368563,10.944505457368326
proj_cover,35,-0.12502059462071663,0.33916788684213833,0.6982827416810363,0.20837491826939716
proj_fire_off,35,0.023394939539442626,0.023394939539442626,0.07196133832964183,0.02342570071968813
proj_fire_on,35,0.292151483269851,0.292151483269851,0.3249934189872755,0.1055844203477371
proj_mortality,35,-1.1437371736816864,1.1437371736816864,1.086883002036406,0.34811967340251887
proj_thinning_delta,35,-25.789032342338725,30.451709451583486,44.813139497303105,12.900639699327956
roth_c_cover_c,35,0.003773182968380384,0.012391227530606296,0.024653045389691416,0.007089396560528208
roth_c_dpm_frac_crop,35,-0.020778057415654486,0.020778057415654486,0.020575300259778773,0.006777946102177128
roth_c_dpm_frac_tree,35,-0.0013895065522218837,0.014055255251367468,0.0226313218297938,0.005905249677796307
roth_c_moisture_b_slope,35,0.07244866881246992,0.13205723332694416,0.3602596919837625,0.09454273348346112
roth_c_temp_a1,35,0.14497149947641422,0.2334817684475888,0.4684131532869647,0.11519395691942386
roth_c_temp_a2,35,-0.06294622950380338,0.4180595255365446,0.6827800634196654,0.16441402346772302
thinning_fraction_branch_delta,35,0.008205131867101775,0.008205131867101775,0.009371429030645275,0.0027158761469852264
thinning_fraction_croot_delta,35,0.003170248748330501,0.0035292946022896176,0.003879361146048386,0.0010959907323880777
thinning_fraction_froot_delta,35,0.001623486931151008,0.001623486931151008,0.0019413415113996525,0.0006022629575358267
thinning_fraction_leaf_delta,35,0.00326834312447844,0.00326834312447844,0.0038634431177475767,0.001197959806811629
thinning_fraction_stem_delta,35,0.014814946476018803,0.02102500623567461,0.02726013071950737,0.006114198843589749
tree_carbon_sp1,35,2.4600615016994363,2.4600615016994363,2.991660708550655,0.9245269733157189
tree_nitrogen_branch_sp1,35,0.0010540833550600564,0.0010540833550600564,0.0009359643213938958,0.00026076575899073413
tree_nitrogen_croot_sp1,35,0.0010356285030823308,0.0010356285030823308,0.0024022121420363115,0.0007177890516364931
tree_nitrogen_froot_sp1,35,0.025472937397706112,0.025472937397706112,0.03374398658914986,0.010673918736779923
tree_nitrogen_leaf_sp1,35,0.043264870680498044,0.043264870680498044,0.0677464067544914,0.019952940817775683
tree_nitrogen_stem_sp1,35,0.0022626408167268548,0.0022626408167268548,0.0020979785588872393,0.0006726742256094566
tree_root_in_top_30,35,-0.0276480297716468,0.10005776503758905,0.20209590718178122,0.05367143988819004
tree_root_to_shoot_sp1,35,0.41121318161803,0.41121318161803,0.4321121330856633,0.14470667400741657
cy0,36,-0.025337155410494184,0.07804473572137353,0.15421957670654737,0.038109893305670946
clay,36,-0.008034609667092078,0.038582877746436026,0.08997438668216098,0.02443394449316869
temp_ci_delta,36,0.20028876846670887,0.2506734962348054,0.5171797968553091,0.15868406540019853
rain_ci_delta,36,0.8987940120932001,1.307086781098362,3.7472899200246217,0.9570711085590777
evap_ci_delta,36,-0.04674567343946806,0.1704418804155317,0.6090155483950586,0.15732148195417553
ef_burn_crop_N2O_scale,36,-0.005265088621357697,0.005280373647965878,0.0031715425661115347,0.0007929160788463967
ef_burn_crop_CH4_scale,36,-0.0196466284972697,0.01966816130121933,0.011926626289819222,0.0033581499836683234
ef_burn_tree_N2O_scale,36,0.006438487166231782,0.006438487166231782,0.010189034293033342,0.0030556237990327583
ef_burn_tree_CH4_scale,36,0.02819747948499594,0.02819747948499594,0.04005644095121256,0.012123692586149332
ef_N_inputs,36,-0.07822023117060328,0.12216665484404828,0.1169616114480788,0.022509288558735876
combustion_factor_crop,36,-0.023108582373568394,0.023134396611240893,0.015554308587243371,0.004563672827451424
combustion_factor_tree,36,0.03828892010781693,0.03828892010781693,0.05765943748009377,0.017211154217245422
volatile_frac_organic_fertiliser,36,-0.002875425650973572,0.002875425650973572,0.0003055624420982445,8.220332913386308e-05
volatile_frac_synthetic_fertiliser,36,0.016297396888963152,0.016297396888963152,0.0016405654386367843,0.0005054828205226844
base_sf_qty_scale,36,-0.12981374696526476,0.12981374696526476,0.011684697112334184,0.003828718301943624
proj_lit_qty_scale,36,0.013304854428697374,0.015743681885170238,0.010651026408307538,0.0018762794088837131
base_stand_density_scale,36,0.0,0.0,0.0,0.0
proj_stand_density_scale,36,-0.7065976639506417,0.909737887227374,1.9165177302533902,0.6185409935996657
tree_wood_dens_sp1,36,-0.44767797554434213,0.6683368241182632,1.4538421602289413,0.4168108341116986
base_cover,36,0.12302327258447132,0.1406486030538922,0.30107203483011014,0.09693259344614373
base_fire_off,36,-0.024885313060658512,0.024885313060658512,0.08969221031413539,0.023475185917333708
base_fire_on,36,-0.034932859740002896,0.034932859740002896,0.005956144895643463,0.0018859905989437598
base_mortality,36,0.0,0.0,0.0,0.0
base_sf_n_delta,36,-0.13290163271820116,0.13290163271820116,0.013646164833617599,0.00455177140515185
base_thinning_delta,36,0.0,0.0,0.0,0.0
crop_base_left_delta,36,0.07383427324914757,0.07396018282349195,0.03637793740887055,0.0114851118717216
crop_base_yield_delta,36,-0.030578910785607184,0.0424774860182565,0.03668138404722265,0.006049224197022059
crop_carbon_above_sp3,36,0.025890480956669747,0.025890480956669747,0.014977837454395288,0.004777383722672481
crop_carbon_below_sp3,36,0.04407689735296829,0.04407689735296829,0.01564438258847193,0.004936994993588658
crop_intercept_sp3,36,0.005797701658305969,0.007345374250327332,0.00957260646428268,0.0029566841643994756
crop_nitrogen_above_sp3,36,-0.01100848411047944,0.01100848411047944,0.004182521244884473,0.001249881712269765
crop_nitrogen_below_sp3,36,-0.016081035434720628,0.016081035434720628,0.00223058760865209,0.0006893207916088418
crop_carbon_above_sp10,36,0.021480518416118425,0.021480518416118425,0.012527991072550851,0.0039801424620679315
crop_carbon_below_sp10,36,0.00880591140882547,0.008826789080876103,0.006042533168298111,0.0019561809593314264
crop_intercept_sp10,36,0.0029703984437206856,0.006491080552185759,0.006997738726863547,0.0011308089417327522
crop_nitrogen_above_sp10,36,-0.007081677975079408,0.007081677975079408,0.0014323384656654886,0.00043741116246507245
crop_nitrogen_below_sp10,36,-0.004457407240105909,0.004457407240105909,0.0014506415250370307,0.000433359305734433
crop_proj_left_delta,36,0.02627168013227075,0.02907958723654338,0.024871269275923792,0.006771203970287965
crop_proj_yield_delta,36,0.06479308664249347,0.12317817591541765,0.1279529500104995,0.022487780223943633
crop_root_in_top_30,36,0.03321775690162689,0.03321775690162689,0.019814387598958313,0.006489771351434918
crop_root_to_shoot_sp3,36,0.02592269876583294,0.02592269876583294,0.012190533409604947,0.00357655363997648
crop_slope_sp3,36,0.0013428572554779257,0.0032120128040186275,0.004511741168473496,0.0009232971459040893
crop_root_to_shoot_sp10,36,0.005582182489616787,0.005653305896099685,0.006533867847616505,0.001983303932678838
crop_slope_sp10,36,-0.0009835641464767577,0.007840547854925866,0.011033093086930583,0.0025035213229516714
cy0_to_ceq_multiplier,36,-0.0005090882180210004,0.0012988373853204866,0.0036973127184264454,0.0011072911685441262
litter_carbon,36,-0.012217070074102287,0.012217070074102287,0.0063497753049017325,0.002031473559783171
litter_nitrogen,36,0.023840581492758004,0.023840581492758004,0.002622228051294021,0.0007248192172948894
mortality_fraction_branch_delta,36,0.011261607352279785,0.011261607352279785,0.005954968746407988,0.0016389935906669787
mortality_fraction_croot_delta,36,0.003132312416584448,0.003813675866322818,0.0031058429861355076,0.0005998625654487824
mortality_fraction_froot_delta,36,0.0017529717542374645,0.001984452132482695,0.0012938859985579107,0.0002518790918899425
mortality_fraction_leaf_delta,36,0.002977951607794141,0.0032883604884809486,0.002219476206292394,0.0005661370819355455
mortality_fraction_stem_delta,36,0.01928549660936434,0.01978675889688586,0.017009763546107216,0.004809890854737614
pool_alloc_froot_sp1,36,0.042935809016577044,0.058905416683141074,0.05013873233096875,0.009198932696064538
pool_alloc_leaf_sp1,36,0.05335094511451678,0.11165919087178522,0.13796597903704766,0.027851779915226634
pool_alloc_stem_sp1,36,0.28187457791894,0.8482899608072184,1.2713380579904998,0.29182899610025637
pool_turnover_branch_sp1,36,0.5347962979387445,0.543402709965887,0.668058910058761,0.16587661731013031
pool_turnover_croot_sp1,36,0.12953140848705827,0.13479300890951132,0.10660852301261835,0.03151372945545888
pool_turnover_froot_sp1,36,0.07615497697581727,0.07615497697581727,0.041271651132104695,0.01310491381668641
pool_turnover_leaf_sp1,36,0.08818948847664237,0.08818948847664237,0.05896897078331376,0.016296719675509528
pool_turnover_stem_sp1,36,16.32141444905723,16.611561596627702,23.628585977273858,6.964253542623271
proj_cover,36,-0.3975479364650222,0.5383725296093337,0.9773468793110333,0.28772200735718856
proj_fire_off,36,0.02339493953944203,0.02339493953944203,0.07196133832964009,0.02342570071968736
proj_fire_on,36,0.38772763665406484,0.38772763665406484,0.48356945045399913,0.15660387580319157
proj_mortality,36,0.994437379554773,1.0018118600433048,2.1193254392400305,0.6696251319878201
proj_thinning_delta,36,15.782397415633998,15.980330844535853,26.82268174435489,8.185773561799891
roth_c_cover_c,36,0.014112470949088124,0.02028400411853592,0.04366745772950484,0.013230111765487634
roth_c_dpm_frac_crop,36,-0.014013031721489353,0.014013031721489353,0.017611009031136708,0.005774129203565549
roth_c_dpm_frac_tree,36,0.05522658941373004,0.056484621975627626,0.10011614444233856,0.03511049773065633
roth_c_moisture_b_slope,36,0.02692113225184195,0.1566595584336954,0.3591753354404262,0.08821083864918076
roth_c_temp_a1,36,0.31517745579196926,0.36373142814986764,0.6880611655640075,0.18641127714932104
roth_c_temp_a2,36,-0.3686117959903796,0.6270556392350962,1.1754494005099414,0.3274935678414846
thinning_fraction_branch_delta,36,-0.6723399068996446,0.6730616240007652,0.733846992318333,0.22309456413199935
thinning_fraction_croot_delta,36,-0.18272171998793157,0.1830021838602742,0.30332463590830006,0.08556834543163364
thinning_fraction_froot_delta,36,-0.14055783165346963,0.14064386436664583,0.1993865677789252,0.0629961778071426
thinning_fraction_leaf_delta,36,-0.14142663251409432,0.14170754318552908,0.21624089805617216,0.06704981316487563
thinning_fraction_stem_delta,36,-1.2945761830923983,1.2981954879614508,2.419916235131329,0.8454013552125695
tree_carbon_sp1,36,-0.9108188614252748,1.1205880513104467,2.817738732567026,0.8271094083632019
tree_nitrogen_branch_sp1,36,0.002112595200901221,0.002112595200901221,0.0018614072148318262,0.0005245355875974818
tree_nitrogen_croot_sp1,36,0.0014463677904712467,0.0014463677904712467,0.0030277198216263237,0.0009141185160821925
tree_nitrogen_froot_sp1,36,0.024065763651846366,0.024065763651846366,0.032508625534574925,0.01028251938082913
tree_nitrogen_leaf_sp1,36,0.040271273491510426,0.040271273491510426,0.06475448911215681,0.019058266136804083
tree_nitrogen_stem_sp1,36,0.00444403990980449,0.00444403990980449,0.006215755597878049,0.0018117089836936838
tree_root_in_top_30,36,-0.07203147050841853,0.11793595398243839,0.2681252605149863,0.07460207967644657
tree_root_to_shoot_sp1,36,-0.1274295550878221,0.13975891916199634,0.3285696832001387,0.09340115546533151
cy0,37,-0.025080953120922983,0.07353952641950504,0.14293796034005293,0.03533227105070627
clay,37,-0.0006797724717019227,0.033979025204367415,0.08197970750694375,0.022419889290138037
temp_ci_delta,37,0.09279101175420047,0.16692061464291308,0.3652581030732155,0.10645926623031843
rain_ci_delta,37,0.632938112265707,1.0978115302824785,3.119522428231268,0.7879220914070092
evap_ci_delta,37,0.012220960406182122,0.1284111278781941,0.40411541672681023,0.09904030806020174
ef_burn_crop_N2O_scale,37,-0.005265088621357989,0.005280373647966069,0.0031715425661116166,0.000792916078846477
ef_burn_crop_CH4_scale,37,-0.01964662849727006,0.019668161301219657,0.011926626289819024,0.0033581499836682813
ef_burn_tree_N2O_scale,37,0.004377510206089325,0.004377510206089325,0.00705796570924433,0.0021214159068496676
ef_burn_tree_CH4_scale,37,0.01905167407897,0.01905167407897,0.026289273765319313,0.007905230437973698
ef_N_inputs,37,-0.0885844473360644,0.12324689836651707,0.10324219531264238,0.018950894564019518
combustion_factor_crop,37,-0.02310858237356815,0.023134396611240667,0.015554308587243751,0.004563672827451575
combustion_factor_tree,37,0.026356086265758853,0.026356086265758853,0.04052960094944147,0.012059431575476832
volatile_frac_organic_fertiliser,37,-0.0028754256509739007,0.0028754256509739007,0.0003055624420978091,8.220332913378725e-05
volatile_frac_synthetic_fertiliser,37,0.016297396888962902,0.016297396888962902,0.0016405654386363467,0.0005054828205225341
base_sf_qty_scale,37,-0.1298137469652645,0.1298137469652645,0.01168469711233438,0.0038287183019437335
proj_lit_qty_scale,37,0.013746152160161063,0.01605201087632795,0.010634547175168634,0.0019083880430600948
base_stand_density_scale,37,0.0,0.0,0.0,0.0
proj_stand_density_scale,37,0.6683287044398578,0.6902584012854379,0.4366961085663466,0.11855793145435559
tree_wood_dens_sp1,37,0.6545081044385308,0.7061133959740294,0.45597819509900794,0.10251610410346229
base_cover,37,0.11980313425543754,0.13840483133957107,0.29652481543119436,0.0953190450645917
base_fire_off,37,-0.024885313060658505,0.024885313060658505,0.08969221031413536,0.023475185917333705
base_fire_on,37,-0.03493285974000289,0.03493285974000289,0.0059561448956428325,0.001885990598943628
base_mortality,37,0.0,0.0,0.0,0.0
base_sf_n_delta,37,-0.13290163271820082,0.13290163271820082,0.01364616483361733,0.004551771405151807
base_thinning_delta,37,0.0,0.0,0.0,0.0
crop_base_left_delta,37,0.07199290148953048,0.07220553969157842,0.036339060609562386,0.011440282276129145
crop_base_yield_delta,37,-0.033193715371249655,0.04433383465380732,0.036140943638182224,0.0057806222271336374
crop_carbon_above_sp3,37,0.0237447582024281,0.0237447582024281,0.013459622633383189,0.004327020867004033
crop_carbon_below_sp3,37,0.04089554494202098,0.04089554494202098,0.014812673040910853,0.004671647046708059
crop_intercept_sp3,37,0.004503264921730693,0.006043040424356866,0.008231529841651639,0.0024740039799931194
crop_nitrogen_above_sp3,37,-0.011008484110479236,0.011008484110479236,0.004182521244884065,0.001249881712269613
crop_nitrogen_below_sp3,37,-0.016081035434720885,0.016081035434720885,0.0022305876086514357,0.0006893207916086435
crop_carbon_above_sp10,37,0.020728242960416837,0.020728242960416837,0.012392825386625944,0.003937864321229671
crop_carbon_below_sp10,37,0.008495606894183588,0.008533000579066707,0.005984226138833799,0.001926923352992613
crop_intercept_sp10,37,0.0027252098787236335,0.0065067234070683875,0.007029015358321701,0.0010894934669066422
crop_nitrogen_above_sp10,37,-0.007081677975078962,0.007081677975078962,0.001432338465665927,0.00043741116246522635
crop_nitrogen_below_sp10,37,-0.0044574072401056515,0.0044574072401056515,0.0014506415250372681,0.0004333593057345256
crop_proj_left_delta,37,0.023214819158983796,0.02663405422093072,0.02305107448256316,0.005958478685982604
crop_proj_yield_delta,37,0.086053092148314,0.13138956347186664,0.11982406008873454,0.01966445066167894
crop_root_in_top_30,37,0.029666671865928362,0.029666671865928362,0.019020990409166334,0.006206801944478234
crop_root_to_shoot_sp3,37,0.02305732649856648,0.02305732649856648,0.011682258815376526,0.0033968187784574424
crop_slope_sp3,37,0.00016322313826810654,0.003129953589146586,0.004383738435917811,0.0008027250517585984
crop_root_to_shoot_sp10,37,0.005272637213000589,0.005368233641926659,0.006530714671707548,0.001981014550254828
crop_slope_sp10,37,-0.0016495011800115784,0.008081776765873714,0.010958168500008785,0.0024156285364381304
cy0_to_ceq_multiplier,37,-0.0005085562969767976,0.0011594495062858257,0.0031592974858723013,0.0009388577645577543
litter_carbon,37,-0.011783592745888586,0.011783592745888586,0.006341478989503778,0.002030958320705373
litter_nitrogen,37,0.023840581492757786,0.023840581492757786,0.0026222280512940635,0.0007248192172949171
mortality_fraction_branch_delta,37,0.007842970674820163,0.008247183566688146,0.004438175773348251,0.001060299330909128
mortality_fraction_croot_delta,37,0.00157489840184189,0.003276876635798981,0.004375720294430336,0.0009726341356417796
mortality_fraction_froot_delta,37,0.0010644346864299853,0.0016348515489009647,0.001769147488432348,0.00038301871565075773
mortality_fraction_leaf_delta,37,0.0017113913295140697,0.0025309243975908864,0.0026314494626429406,0.0005623010482782052
mortality_fraction_stem_delta,37,0.00871162251415876,0.014324268533196936,0.015413643726223508,0.003011613761717414
pool_alloc_froot_sp1,37,0.07286692143886228,0.07460039715553843,0.03774899291654596,0.01068908025507297
pool_alloc_leaf_sp1,37,0.09861209853312686,0.11513356629506992,0.08236367278483439,0.01766371890140625
pool_alloc_stem_sp1,37,-0.1641072892925491,0.42834283561834263,0.5114720067416278,0.10333434023467811
pool_turnover_branch_sp1,37,-0.14483239181121627,0.18457773592832258,0.15326629617884333,0.028813629348132724
pool_turnover_croot_sp1,37,0.07450195355403413,0.09528239246458375,0.07486906749262216,0.014005941854502574
pool_turnover_froot_sp1,37,0.048834948551537735,0.05204266635205379,0.028106039223744498,0.00688590976093696
pool_turnover_leaf_sp1,37,0.057394560779206315,0.057394560779206315,0.027054423145474772,0.00772193022478267
pool_turnover_stem_sp1,37,-1.8520976611076327,5.045805158776601,6.223907664296534,1.202863753583597
proj_cover,37,-0.2006583880348054,0.3757148317110713,0.7182505410149963,0.20656189848755788
proj_fire_off,37,0.02339493953944246,0.02339493953944246,0.07196133832964131,0.023425700719687935
proj_fire_on,37,0.25137552644003697,0.25137552644003697,0.2991309152222393,0.09767226643545755
proj_mortality,37,0.1745606268101537,0.4199668064377434,1.0528751454021175,0.3354132309212591
proj_thinning_delta,37,-0.03448899988534433,4.818461514706504,8.845847542471084,2.240338600426646
roth_c_cover_c,37,0.004684730328455714,0.012601403751171521,0.0284974060546022,0.008513249370816735
roth_c_dpm_frac_crop,37,-0.01021358854750112,0.01021358854750112,0.014882189209187156,0.004835142505429975
roth_c_dpm_frac_tree,37,-0.05142227129864825,0.05166280634823615,0.051782598161242796,0.018002360078467252
roth_c_moisture_b_slope,37,0.06402781687223906,0.130858683943329,0.3471530530382782,0.0892753907200754
roth_c_temp_a1,37,0.16920188046712195,0.2612637445324551,0.578885942989832,0.14556003995622352
roth_c_temp_a2,37,-0.06956938829990411,0.4186866836612834,0.7343377120505952,0.18596608673968698
thinning_fraction_branch_delta,37,0.27181450387874256,0.27181450387874256,0.2810327299233711,0.08840457559718848
thinning_fraction_croot_delta,37,0.07914595124509236,0.07914595124509236,0.12295398579249336,0.03514180723637004
thinning_fraction_froot_delta,37,0.05912284884658938,0.05912284884658938,0.08475266464597303,0.026087674705709968
thinning_fraction_leaf_delta,37,0.06549861939928106,0.06549861939928106,0.08493503239212806,0.026849630022830615
thinning_fraction_stem_delta,37,0.5416629442112341,0.5416629442112341,0.9649433808314046,0.3327484495065233
tree_carbon_sp1,37,0.37720116948836935,0.7035836283070824,0.8985270243740816,0.1933259763879098
tree_nitrogen_branch_sp1,37,0.0008724955563492315,0.0008724955563492315,0.0008479109964751043,0.00023544218861581493
tree_nitrogen_croot_sp1,37,0.0009117145245363195,0.0009117145245363195,0.002257615929796394,0.0006782475151240412
tree_nitrogen_froot_sp1,37,0.021586520860638014,0.021586520860638014,0.02997056118529382,0.00942255408716099
tree_nitrogen_leaf_sp1,37,0.03708804773212224,0.03708804773212224,0.06155539163949846,0.018094857189217783
tree_nitrogen_stem_sp1,37,0.0018851070348134713,0.0018851070348134713,0.0018607107421523038,0.0005936467694632327
tree_root_in_top_30,37,0.11056262345697468,0.11665461079765808,0.08176578273327434,0.023184943408137624
tree_root_to_shoot_sp1,37,0.03113143761913852,0.07787943454930905,0.12124449542825187,0.0277364741486514
cy0,38,-0.024812411282107236,0.06914576984177587,0.13310395453298415,0.03311846066331609
clay,38,0.009564897296690855,0.029026329968670293,0.07507809221577978,0.021067324513429
temp_ci_delta,38,-0.030894353570972873,0.11691568718872658,0.18411349820275918,0.04421003320052103
rain_ci_delta,38,0.18874930846771493,0.8130894584427925,1.9966288999537847,0.4983374724704199
evap_ci_delta,38,0.10202728464689204,0.11217590518267029,0.23115397966543094,0.07578317612146905
ef_burn_crop_N2O_scale,38,-0.005265088621357805,0.005280373647965986,0.0031715425661117576,0.0007929160788464675
ef_burn_crop_CH4_scale,38,-0.019646628497269718,0.01966816130121935,0.011926626289819338,0.003358149983668387
ef_burn_tree_N2O_scale,38,0.004362883613722074,0.004362883613722074,0.007179892236890025,0.002157372382849632
ef_burn_tree_CH4_scale,38,0.01903300611810523,0.01903300611810523,0.026766376552355264,0.008062173165163833
ef_N_inputs,38,-0.08841625318166259,0.12423888657213851,0.10555445746009856,0.01944933719306722
combustion_factor_crop,38,-0.023108582373568227,0.02313439661124071,0.015554308587243755,0.004563672827451567
combustion_factor_tree,38,0.026360572243868403,0.026360572243868403,0.041264826813563485,0.01229540546830368
volatile_frac_organic_fertiliser,38,-0.002875425650973801,0.002875425650973801,0.0003055624420980307,8.220332913383546e-05
volatile_frac_synthetic_fertiliser,38,0.01629739688896296,0.01629739688896296,0.0016405654386364215,0.0005054828205225666
base_sf_qty_scale,38,-0.12981374696526443,0.12981374696526443,0.011684697112334408,0.0038287183019437283
proj_lit_qty_scale,38,0.014169155592075789,0.016346650478162104,0.010616711440188348,0.0019435573819245513
base_stand_density_scale,38,0.0,0.0,0.0,0.0
proj_stand_density_scale,38,0.38177225846175433,0.5132629508521396,0.42622868606529096,0.08313611301357421
tree_wood_dens_sp1,38,0.4096508932774613,0.5493645911318185,0.4577217305389159,0.07412364623748906
base_cover,38,0.11674810914808584,0.13630669723768385,0.2921811690449838,0.09375239459959116
base_fire_off,38,-0.024885313060658512,0.024885313060658512,0.0896922103141354,0.023475185917333715
base_fire_on,38,-0.03493285974000271,0.03493285974000271,0.00595614489564297,0.0018859905989436544
base_mortality,38,0.0,0.0,0.0,0.0
base_sf_n_delta,38,-0.13290163271820074,0.13290163271820074,0.01364616483361735,0.004551771405151821
base_thinning_delta,38,0.0,0.0,0.0,0.0
crop_base_left_delta,38,0.07022685606464399,0.07052253997239562,0.03629143381434171,0.01139620850668334
crop_base_yield_delta,38,-0.03570144606268009,0.046107491530540626,0.03560927612111296,0.005579370672412279
crop_carbon_above_sp3,38,0.02211768019046958,0.02211768019046958,0.012268306591124942,0.0039668650441883665
crop_carbon_below_sp3,38,0.03844414895085725,0.03844414895085725,0.014117150825709619,0.004450288659386183
crop_intercept_sp3,38,0.0035590128833911465,0.0051155774060653554,0.007224819904561257,0.002111750060451231
crop_nitrogen_above_sp3,38,-0.011008484110479702,0.011008484110479702,0.004182521244883848,0.001249881712269512
crop_nitrogen_below_sp3,38,-0.01608103543472081,0.01608103543472081,0.0022305876086515714,0.0006893207916086537
crop_carbon_above_sp10,38,0.02000870136048464,0.02000870136048464,0.012262527356978954,0.0038973859075197843
crop_carbon_below_sp10,38,0.008199052925821399,0.008252024425032117,0.005928961583899313,0.001899482299669789
crop_intercept_sp10,38,0.002490903089578303,0.006522383685145625,0.007059447884744771,0.001053425007937627
crop_nitrogen_above_sp10,38,-0.007081677975079095,0.007081677975079095,0.0014323384656657618,0.00043741116246516894
crop_nitrogen_below_sp10,38,-0.004457407240105735,0.004457407240105735,0.001450641525037035,0.0004333593057344083
crop_proj_left_delta,38,0.021051720285806687,0.024906832446935943,0.02172509463450451,0.005366223830993859
crop_proj_yield_delta,38,0.10169687888060945,0.13799134149921916,0.11300916740144838,0.018483007293993065
crop_root_in_top_30,38,0.026895441105864993,0.026895441105864993,0.018375771773404194,0.0059760917606219415
crop_root_to_shoot_sp3,38,0.020881597784056377,0.020881597784056377,0.011343461484483593,0.0032782283646644785
crop_slope_sp3,38,-0.0007141371791399703,0.003272122576931566,0.004310679758096562,0.0007633685011545826
crop_root_to_shoot_sp10,38,0.004975991540556071,0.005094755778560009,0.006526749555314511,0.0019792949214870363
crop_slope_sp10,38,-0.002286683360527482,0.008357222186629317,0.010888926294652627,0.002323534424886078
cy0_to_ceq_multiplier,38,-0.0005093552545538865,0.0010281094662375895,0.0027204904487965554,0.0008071648085450613
litter_carbon,38,-0.011368187335736324,0.011368187335736324,0.0063315898346975475,0.0020299232380259925
litter_nitrogen,38,0.0238405814927583,0.0238405814927583,0.0026222280512940024,0.000724819217294921
mortality_fraction_branch_delta,38,0.006152011598554802,0.006767582284892654,0.004301392507390367,0.0009641475777952277
mortality_fraction_croot_delta,38,0.0008412063244034429,0.0031926013499174897,0.005250592490017383,0.0012871172240013274
mortality_fraction_froot_delta,38,0.000735841521215197,0.001549708206717859,0.002077017839627992,0.0004950290742946726
mortality_fraction_leaf_delta,38,0.0010991162622789098,0.00231556278039548,0.003107338036372388,0.0007089811746663666
mortality_fraction_stem_delta,38,0.003612157679542255,0.014462264529896957,0.021266125985815704,0.00449158013163965
pool_alloc_froot_sp1,38,0.050758304868071626,0.06424049049174671,0.04851335206369969,0.008586281606811253
pool_alloc_leaf_sp1,38,0.058559323856765724,0.10121280474165846,0.11520464208953893,0.022684322501549736
pool_alloc_stem_sp1,38,-0.07920155877483395,0.3246674531372989,0.4245958948213097,0.08201277331562926
pool_turnover_branch_sp1,38,-0.009363817536382721,0.15227190486054523,0.2009812777538915,0.036319958147639664
pool_turnover_croot_sp1,38,0.047480512329127596,0.08156031271498386,0.09060797386688406,0.019390737896176027
pool_turnover_froot_sp1,38,0.03577796344796065,0.0438994511997133,0.03620803525513176,0.008691566357740498
pool_turnover_leaf_sp1,38,0.042126481402646056,0.04436312972896108,0.022797656366159796,0.005893306278059219
pool_turnover_stem_sp1,38,1.547939639749404,5.271519833738131,8.445164737185518,1.8256866236397107
proj_cover,38,0.08660466136481688,0.23173015668650138,0.45598306374269204,0.12228577292972131
proj_fire_off,38,0.023394939539442446,0.023394939539442446,0.07196133832964129,0.023425700719687925
proj_fire_on,38,0.25034098818421674,0.25034098818421674,0.3052741774547258,0.0996886819787919
proj_mortality,38,0.33979265949216464,0.4666070856068648,1.251539072847947,0.39967197129716386
proj_thinning_delta,38,2.9278212127533103,5.635851437734146,9.699125014716692,2.4052037119065
roth_c_cover_c,38,-0.006014701154676774,0.009543978979384518,0.011936644936838655,0.0030680292760738143
roth_c_dpm_frac_crop,38,-0.00793493237573702,0.00793493237573702,0.012521456288263367,0.004027375173245922
roth_c_dpm_frac_tree,38,-0.03439104938952356,0.03439104938952356,0.028264654749032964,0.010001319911596659
roth_c_moisture_b_slope,38,0.10413123461633418,0.11826642264680602,0.33233816726948356,0.08997963962945599
roth_c_temp_a1,38,-0.010135552649537544,0.21321625253052515,0.39943701355939154,0.09199161577951136
roth_c_temp_a2,38,0.2709851184555485,0.3595172867517441,0.32990352023700786,0.07102610983750712
thinning_fraction_branch_delta,38,0.1398011362745732,0.1398011362745732,0.14417715678591098,0.04578421330347769
thinning_fraction_croot_delta,38,0.04031272668345494,0.04031272668345494,0.05960386050637721,0.016841101269888973
thinning_fraction_froot_delta,38,0.02977844368741711,0.02977844368741711,0.039634132547624094,0.012357126825069373
thinning_fraction_leaf_delta,38,0.03404947095281311,0.03404947095281311,0.04501932677315576,0.014098098058145813
thinning_fraction_stem_delta,38,0.2738858426804489,0.2738858426804489,0.47362550992725116,0.16347651047802247
tree_carbon_sp1,38,0.1266551935980854,0.6948597050187757,1.0888294259631268,0.2513523275995998
tree_nitrogen_branch_sp1,38,0.0008609800563454506,0.0008609800563454506,0.0008579953871867032,0.0002383281263092477
tree_nitrogen_croot_sp1,38,0.0009183612556399378,0.0009183612556399378,0.00231097553086959,0.0006943679394785133
tree_nitrogen_froot_sp1,38,0.02161952069572558,0.02161952069572558,0.030503693358398337,0.009589773398004174
tree_nitrogen_leaf_sp1,38,0.037279661371829184,0.037279661371829184,0.06295577258060087,0.018496708838396447
tree_nitrogen_stem_sp1,38,0.0018663346521743563,0.0018663346521743563,0.0018889988570935333,0.0006014426741903688
tree_root_in_top_30,38,0.05585270342803135,0.09033810691729265,0.10124732688025899,0.022214768795508665
tree_root_to_shoot_sp1,38,0.00587187219197686,0.07187596124625893,0.13602524752828865,0.03222038730749077
cy0,39,-0.02453226904851402,0.06715671958986767,0.12473973702901897,0.030516084381989765
clay,39,0.01330801185004564,0.03001556261482425,0.07526332891242003,0.02070333698845765
temp_ci_delta,39,-0.036302385623450596,0.11170031929503943,0.16226900545595258,0.0370493480205059
rain_ci_delta,39,0.03613662537216296,0.6992270780457799,1.5880163278237278,0.39632558616581814
evap_ci_delta,39,0.12706251924830325,0.12708759102734896,0.2630486725024678,0.08773038331876823
ef_burn_crop_N2O_scale,39,-0.005265088621357855,0.0052803736479660355,0.003171542566111701,0.0007929160788464714
ef_burn_crop_CH4_scale,39,-0.01964662849726982,0.019668161301219417,0.011926626289819196,0.0033581499836683607
ef_burn_tree_N2O_scale,39,0.004348584744850415,0.004348584744850415,0.007297122031638194,0.002191886832792476
ef_burn_tree_CH4_scale,39,0.01901402622539731,0.01901402622539731,0.027228557155303337,0.008214750531130346
ef_N_inputs,39,-0.08827234868804958,0.12518114589238463,0.10774239096708833,0.019930993223640184
combustion_factor_crop,39,-0.02310858237356817,0.023134396611240667,0.01555430858724368,0.004563672827451539
combustion_factor_tree,39,0.026363647705204836,0.026363647705204836,0.04197744430929323,0.012524316421647018
volatile_frac_organic_fertiliser,39,-0.0028754256509737424,0.0028754256509737424,0.0003055624420978782,8.220332913376823e-05
volatile_frac_synthetic_fertiliser,39,0.016297396888962846,0.016297396888962846,0.0016405654386363394,0.0005054828205225298
base_sf_qty_scale,39,-0.12981374696526463,0.12981374696526463,0.011684697112334264,0.003828718301943669
proj_lit_qty_scale,39,0.014574849925451364,0.016628066258292964,0.01059728323837164,0.001981206320136456
base_stand_density_scale,39,0.0,0.0,0.0,0.0
proj_stand_density_scale,39,0.25000917359125374,0.47453190444197924,0.5244718287238348,0.11286602468168619
tree_wood_dens_sp1,39,0.2976013727072395,0.5018481634115259,0.5225055210957597,0.09617271857937272
base_cover,39,0.11384752798538093,0.1343799170999463,0.2880252175228488,0.09221573199319325
base_fire_off,39,-0.024885313060658495,0.024885313060658495,0.08969221031413534,0.023475185917333698
base_fire_on,39,-0.034932859740002584,0.034932859740002584,0.005956144895642799,0.001885990598943646
base_mortality,39,0.0,0.0,0.0,0.0
base_sf_n_delta,39,-0.13290163271820052,0.13290163271820052,0.013646164833617358,0.004551771405151915
base_thinning_delta,39,0.0,0.0,0.0,0.0
crop_base_left_delta,39,0.06853194630479834,0.06890709591719754,0.03623495952567131,0.011352519916910114
crop_base_yield_delta,39,-0.038106431248023084,0.04780198779476371,0.03508633593746303,0.005444861971739039
crop_carbon_above_sp3,39,0.02079297567332527,0.02079297567332527,0.011327084123552333,0.0036789249010745796
crop_carbon_below_sp3,39,0.036409858429384254,0.036409858429384254,0.013552551570578353,0.00427016666371275
crop_intercept_sp3,39,0.0028156863013197976,0.004437188377062149,0.006454646243761279,0.0018334086189154164
crop_nitrogen_above_sp3,39,-0.011008484110479819,0.011008484110479819,0.004182521244883852,0.0012498817122695057
crop_nitrogen_below_sp3,39,-0.016081035434720926,0.016081035434720926,0.0022305876086515853,0.0006893207916086671
crop_carbon_above_sp10,39,0.019319790281188676,0.019319790281188676,0.012136563856666236,0.003858493460430587
crop_carbon_below_sp10,39,0.007915634150840867,0.007982983263261412,0.005876271345676207,0.0018738345958961942
crop_intercept_sp10,39,0.0022669473719606455,0.0065375557831405615,0.007088544651651807,0.001022369913142268
crop_nitrogen_above_sp10,39,-0.0070816779750791205,0.0070816779750791205,0.001432338465665758,0.0004374111624651752
crop_nitrogen_below_sp10,39,-0.004457407240105555,0.004457407240105555,0.0014506415250372588,0.00043335930573450187
crop_proj_left_delta,39,0.019390271797052987,0.023551008782431018,0.020694308615406384,0.004923051249364169
crop_proj_yield_delta,39,0.11414244862340941,0.1431937242321934,0.1074847527875596,0.018498596115357927
crop_root_in_top_30,39,0.02458251632172257,0.02458251632172257,0.017866984284349165,0.005793396643771765
crop_root_to_shoot_sp3,39,0.019079201783045088,0.019079201783045088,0.01112651950293078,0.0032033490197203914
crop_slope_sp3,39,-0.0014230638292670266,0.003453327642607443,0.004269732148505662,0.0007806367426349349
crop_root_to_shoot_sp10,39,0.004691499788607031,0.004843049095270793,0.006521717617137701,0.0019751535262437924
crop_slope_sp10,39,-0.0028968497204983805,0.008628514456381993,0.010824697570899286,0.0022409462526127993
cy0_to_ceq_multiplier,39,-0.0005115126061816272,0.0010216875494968886,0.0023946336142808425,0.0006997837989433683
litter_carbon,39,-0.010970031832557889,0.010970031832557889,0.006319984789055218,0.002028316113068229
litter_nitrogen,39,0.023840581492757966,0.023840581492757966,0.0026222280512941407,0.0007248192172949283
mortality_fraction_branch_delta,39,0.005277763910635022,0.006080738539526123,0.004346548474568483,0.0009251808329120468
mortality_fraction_croot_delta,39,0.00048057991951978575,0.003123124041351166,0.005648888680638637,0.001435279483526445
mortality_fraction_froot_delta,39,0.0005713774387171661,0.0015057614988986806,0.002222688233081121,0.0005542384928671029
mortality_fraction_leaf_delta,39,0.0007920404044172464,0.002293788012769779,0.003377811644305751,0.0007777902447333072
mortality_fraction_stem_delta,39,0.0010954421067947112,0.015172108722236146,0.024487291479812073,0.005433213022569095
pool_alloc_froot_sp1,39,0.04062464188933779,0.059196225416762324,0.056031113351605634,0.011106310834216334
pool_alloc_leaf_sp1,39,0.038887818851130726,0.10310723344782588,0.1369911019364906,0.02762023202459353
pool_alloc_stem_sp1,39,-0.037807452037056544,0.2948681554245421,0.42861473385123006,0.09141464402103915
pool_turnover_branch_sp1,39,0.04460889744170558,0.15918668773020753,0.23280681339450718,0.046892409762787045
pool_turnover_croot_sp1,39,0.03361756935285766,0.07975638647646995,0.105713659068487,0.024101101850978142
pool_turnover_froot_sp1,39,0.02909995473438365,0.0409561963304046,0.04285104434835809,0.010945687873774585
pool_turnover_leaf_sp1,39,0.03431267549777816,0.03916851809274165,0.026197987788225525,0.005539434179584023
pool_turnover_stem_sp1,39,2.9583242974239057,5.780532799073945,9.55914947368023,2.227891480034978
proj_cover,39,0.1728032762369378,0.2601567965920614,0.43049719059746827,0.10978316317304013
proj_fire_off,39,0.023394939539442453,0.023394939539442453,0.07196133832964131,0.023425700719687935
proj_fire_on,39,0.24926675922894037,0.24926675922894037,0.3110627389021832,0.10158778879350494
proj_mortality,39,0.4188830493394497,0.5087466719265217,1.3624363496488987,0.4337737085242804
proj_thinning_delta,39,4.204128568777763,6.190935938224497,10.681096430968784,2.7783976271693693
roth_c_cover_c,39,-0.0065475503252983985,0.008799980354871681,0.009869534893185239,0.002397886781991639
roth_c_dpm_frac_crop,39,-0.006469365172169917,0.006469365172169917,0.010534546802718432,0.0033552010896948296
roth_c_dpm_frac_tree,39,-0.020341860841956293,0.020341860841956293,0.01711546852000788,0.005646312422618602
roth_c_moisture_b_slope,39,0.11620807875145471,0.12312482287492525,0.33553499471745124,0.09309440251042858
roth_c_temp_a1,39,-0.03333051375186978,0.18992973423042522,0.32711352069481253,0.07274570300638301
roth_c_temp_a2,39,0.2681659420605137,0.3496520397218089,0.3157021921274102,0.0687343501564728
thinning_fraction_branch_delta,39,0.07768646138888707,0.07768646138888707,0.07621453799476222,0.024213269486952668
thinning_fraction_croot_delta,39,0.02229275354087577,0.02229275354087577,0.030485517025102337,0.008509107920064813
thinning_fraction_froot_delta,39,0.016264457160589177,0.016264457160589177,0.01980801318871293,0.006308552857760603
thinning_fraction_leaf_delta,39,0.019038511315390298,0.019038511315390298,0.024363975521061284,0.007586973573774275
thinning_fraction_stem_delta,39,0.15056229129644938,0.15056229129644938,0.24759540091031484,0.08583420295685873
tree_carbon_sp1,39,0.010678394128162589,0.693843798031604,1.1958035442027415,0.29044967849957026
tree_nitrogen_branch_sp1,39,0.0008497407482172481,0.0008497407482172481,0.0008674965271255437,0.00024102767743215702
tree_nitrogen_croot_sp1,39,0.0009247018907059728,0.0009247018907059728,0.002361833375096887,0.0007097254338063096
tree_nitrogen_froot_sp1,39,0.021648772819287333,0.021648772819287333,0.031014613567584542,0.009749629474785177
tree_nitrogen_leaf_sp1,39,0.03745627076904073,0.03745627076904073,0.06429031620622452,0.01887969420907087
tree_nitrogen_stem_sp1,39,0.0018483752465497493,0.0018483752465497493,0.0019168384570372179,0.0006091249262687564
tree_root_in_top_30,39,0.030023716472700836,0.08855350158045512,0.1289723337670671,0.03047720435329076
tree_root_to_shoot_sp1,39,-0.00661920091664546,0.07094600765099493,0.14480642781655173,0.03521094032281528
cy0,40,-0.02424113282002866,0.06650549888062479,0.11785492164806663,0.02795051245442711
clay,40,0.013504348796144556,0.029966476811581176,0.07421945216204714,0.020315917903304035
temp_ci_delta,40,-0.011768992386334554,0.11644054509400759,0.19488308184062755,0.048783635643928486
rain_ci_delta,40,0.029255869198193236,0.6632113074945234,1.5325294288145603,0.3846225405990616
evap_ci_delta,40,0.1214869576911131,0.12396675062269469,0.26809375350579806,0.08987384908460398
ef_burn_crop_N2O_scale,40,-0.005265088621357922,0.0052803736479660355,0.003171542566111706,0.0007929160788464764
ef_burn_crop_CH4_scale,40,-0.01964662849726992,0.01966816130121955,0.01192662628981917,0.0033581499836683095
ef_burn_tree_N2O_scale,40,0.004334377389418947,0.004334377389418947,0.007408983221168804,0.0022247574298512635
ef_burn_tree_CH4_scale,40,0.018993657135463964,0.018993657135463964,0.027672794944782544,0.008361979136121486
ef_N_inputs,40,-0.08815648989861,0.1260719324055415,0.10979501990537141,0.020391304449415577
combustion_factor_crop,40,-0.02310858237356806,0.023134396611240577,0.015554308587243697,0.004563672827451535
combustion_factor_tree,40,0.026363939808863424,0.026363939808863424,0.04266447752835396,0.012745241085792329
volatile_frac_organic_fertiliser,40,-0.002875425650973851,0.002875425650973851,0.00030556244209791866,8.220332913377708e-05
volatile_frac_synthetic_fertiliser,40,0.016297396888962888,0.016297396888962888,0.00164056543863635,0.0005054828205225303
base_sf_qty_scale,40,-0.1298137469652645,0.1298137469652645,0.011684697112334271,0.00382871830194369
proj_lit_qty_scale,40,0.014964114345647168,0.016896695884283948,0.010576064818448031,0.0020208365211586885
base_stand_density_scale,40,0.0,0.0,0.0,0.0
proj_stand_density_scale,40,0.18803249522389734,0.4602151804831678,0.5749234388997743,0.13119850664587338
tree_wood_dens_sp1,40,0.24447320157609792,0.4840142526519041,0.5507183329408576,0.1066898524120786
base_cover,40,0.11109099718670543,0.1324757524247623,0.28404199151001286,0.0907516267603102
base_fire_off,40,-0.024885313060658495,0.024885313060658495,0.08969221031413534,0.023475185917333705
base_fire_on,40,-0.0349328597400026,0.0349328597400026,0.005956144895642725,0.0018859905989435765
base_mortality,40,0.0,0.0,0.0,0.0
base_sf_n_delta,40,-0.13290163271820057,0.13290163271820057,0.013646164833617504,0.00455177140515187
base_thinning_delta,40,0.0,0.0,0.0,0.0
crop_base_left_delta,40,0.06690539973728167,0.0673566242010003,0.03616926307605576,0.01130871006923883
crop_base_yield_delta,40,-0.04041298974703024,0.049420424484280766,0.03457175253816111,0.005374724743658202
crop_carbon_above_sp3,40,0.019660509351491145,0.019660509351491145,0.010576909887427838,0.003447756610237892
crop_carbon_below_sp3,40,0.03463752545445856,0.03463752545445856,0.013098738917667144,0.00412469569882822
crop_intercept_sp3,40,0.0021974717272366814,0.00398566716805261,0.00586257013791897,0.0016044846187027767
crop_nitrogen_above_sp3,40,-0.011008484110479711,0.011008484110479711,0.00418252124488395,0.0012498817122695621
crop_nitrogen_below_sp3,40,-0.016081035434720885,0.016081035434720885,0.002230587608651576,0.0006893207916086515
crop_carbon_above_sp10,40,0.018660701022537887,0.018660701022537887,0.01201435020803726,0.0038209457867127024
crop_carbon_below_sp10,40,0.0076445108711773,0.007725412756276494,0.005825998110737322,0.0018496319973148323
crop_intercept_sp10,40,0.002052540318781329,0.006552287348988236,0.007116481646132414,0.0009961196268167502
crop_nitrogen_above_sp10,40,-0.007081677975079087,0.007081677975079087,0.00143233846566576,0.00043741116246515745
crop_nitrogen_below_sp10,40,-0.0044574072401056845,0.0044574072401056845,0.001450641525037199,0.00043335930573447416
crop_proj_left_delta,40,0.018031635375598296,0.022411614759130748,0.01984855668710785,0.0045770411979263815
crop_proj_yield_delta,40,0.12462591252690876,0.14751718653614054,0.10307511898531098,0.019310331391609484
crop_root_in_top_30,40,0.022560054055293745,0.022560054055293745,0.017469818142862536,0.005650154976230403
crop_root_to_shoot_sp3,40,0.017497640214568226,0.017497640214568226,0.01099049169635302,0.0031578242784834443
crop_slope_sp3,40,-0.002031313241055985,0.003793187376064458,0.004246417559707608,0.0007478848036006166
crop_root_to_shoot_sp10,40,0.004418150310061664,0.004632693966538986,0.006515776873317836,0.001965411893957845
crop_slope_sp10,40,-0.0034810861659223284,0.008886981085967503,0.010765067838688977,0.002172371116671585
cy0_to_ceq_multiplier,40,-0.0005142917702439604,0.001027283082192379,0.002195049386819339,0.0006359306573101934
litter_carbon,40,-0.010588265240115899,0.010588265240115899,0.006306622544880907,0.0020261223077898175
litter_nitrogen,40,0.02384058149275806,0.02384058149275806,0.0026222280512939347,0.0007248192172948702
mortality_fraction_branch_delta,40,0.0048178345931889745,0.005717284527289512,0.004335179208138643,0.0008964974360047966
mortality_fraction_croot_delta,40,0.00029799674163371036,0.0030623975001442096,0.005800141680217959,0.0014964487569374448
mortality_fraction_froot_delta,40,0.00048588999311800773,0.0014771038850801472,0.002273905823110847,0.0005772243315553965
mortality_fraction_leaf_delta,40,0.0006360624599306891,0.0022782868543156946,0.0034949049891406137,0.0008112991929168885
mortality_fraction_stem_delta,40,-0.00014447520050835382,0.01534936250391089,0.025888231101906734,0.005901103777196854
pool_alloc_froot_sp1,40,0.03574639876728753,0.05604683209573149,0.058311112041182826,0.012234897500090325
pool_alloc_leaf_sp1,40,0.029097091060253082,0.10289642084102804,0.14674273784486797,0.030478728609216566
pool_alloc_stem_sp1,40,-0.015517240356075782,0.28557708201422566,0.4333180546742505,0.09566946739958859
pool_turnover_branch_sp1,40,0.06240728445359409,0.15891974816343502,0.24164510937267883,0.05223748521309369
pool_turnover_croot_sp1,40,0.026286616978340026,0.07909015096092362,0.11492634215750377,0.027320814939812938
pool_turnover_froot_sp1,40,0.02542936321524707,0.039657309103704116,0.04688569522451827,0.012334374544784527
pool_turnover_leaf_sp1,40,0.03023942554900964,0.03822571750067028,0.028583121380758646,0.004591482391583577
pool_turnover_stem_sp1,40,3.484023120276567,5.9494886742633035,9.864170967551862,2.3722605850128
proj_cover,40,0.1672078206317133,0.26087336083443974,0.42919000027882404,0.10347262792320674
proj_fire_off,40,0.02339493953944246,0.02339493953944246,0.07196133832964131,0.02342570071968794
proj_fire_on,40,0.24814287691657927,0.24814287691657927,0.31646802691922554,0.10336024671042
proj_mortality,40,0.4570178287748197,0.5315887339827075,1.4223475707093287,0.4528883029323169
proj_thinning_delta,40,4.698834947551957,6.412389891511021,11.05198150559453,2.9484386725688565
roth_c_cover_c,40,-0.00457909130994387,0.00832314442822211,0.011627545620236532,0.002940755003485643
roth_c_dpm_frac_crop,40,-0.005461413327179379,0.005461413327179379,0.008883397817362047,0.002803273619852415
roth_c_dpm_frac_tree,40,-0.012816855333301541,0.014535698400205493,0.016446473951936567,0.004751509276510264
roth_c_moisture_b_slope,40,0.11570022184664605,0.128477745454109,0.3387861621310664,0.09360050124864903
roth_c_temp_a1,40,-0.01124469810903073,0.16817817034745713,0.301974395487381,0.0671958899036914
roth_c_temp_a2,40,0.18780914090022144,0.32634455369823046,0.3691834892151664,0.08590482364507876
thinning_fraction_branch_delta,40,0.04691058362689953,0.04691058362689953,0.04208525354428383,0.013352162190398031
thinning_fraction_croot_delta,40,0.013552912478780946,0.013552912478780946,0.016446072879829687,0.004568053175346971
thinning_fraction_froot_delta,40,0.009735507866222237,0.009735507866222237,0.010851416773735285,0.003513950616500446
thinning_fraction_leaf_delta,40,0.01164164908309558,0.01164164908309558,0.013459670342853277,0.00418963182890319
thinning_fraction_stem_delta,40,0.09063188455544645,0.09063188455544645,0.13760803316808456,0.047882459469358055
tree_carbon_sp1,40,-0.04427679512204292,0.6851212260941746,1.2362076760035305,0.30822162893490124
tree_nitrogen_branch_sp1,40,0.000838744749749265,0.000838744749749265,0.0008763965754597113,0.0002435358893077385
tree_nitrogen_croot_sp1,40,0.0009306730831822041,0.0009306730831822041,0.002409948226837905,0.000724246855404689
tree_nitrogen_froot_sp1,40,0.02167339721253488,0.02167339721253488,0.0315018656445407,0.009901654655106045
tree_nitrogen_leaf_sp1,40,0.03761556723085842,0.03761556723085842,0.06555346462283247,0.01924223790341478
tree_nitrogen_stem_sp1,40,0.0018311156347160823,0.0018311156347160823,0.0019440974224649264,0.0006166566902678087
tree_root_in_top_30,40,0.01734537028167506,0.08858230943813512,0.1420713941599624,0.034698910655312436
tree_root_to_shoot_sp1,40,-0.012821278075805947,0.07039080536555371,0.14846576541408066,0.036647943760713696
cy0,41,-0.023940760831706435,0.06575869390046431,0.11243746271616024,0.025883995713368434
clay,41,0.012184697040336308,0.02920395533968214,0.0714038867702479,0.01950582886559785
temp_ci_delta,41,0.012262708226878935,0.12613598642525348,0.23417425706938824,0.06234418541169701
rain_ci_delta,41,0.073486018426664,0.6634043706331316,1.6053930351847132,0.4022402910242992
evap_ci_delta,41,0.10609908849927878,0.12756434911463477,0.26687368773584874,0.08109913751462482
ef_burn_crop_N2O_scale,41,-0.005265088621357955,0.005280373647966069,0.003171542566111668,0.0007929160788464895
ef_burn_crop_CH4_scale,41,-0.01964662849726998,0.019668161301219615,0.011926626289819156,0.0033581499836683668
ef_burn_tree_N2O_scale,41,0.004320044510005871,0.004320044510005871,0.007514858571523549,0.00225579872475394
ef_burn_tree_CH4_scale,41,0.01897090619852083,0.01897090619852083,0.028096308430913864,0.008502955223205273
ef_N_inputs,41,-0.08807202884362827,0.12690973965554347,0.11170248906340481,0.02082615145476903
combustion_factor_crop,41,-0.023108582373567967,0.02313439661124047,0.015554308587243734,0.004563672827451532
combustion_factor_tree,41,0.02636017652261352,0.02636017652261352,0.04332310929336154,0.012957309033232256
volatile_frac_organic_fertiliser,41,-0.002875425650973676,0.002875425650973676,0.0003055624420978289,8.22033291337421e-05
volatile_frac_synthetic_fertiliser,41,0.016297396888962944,0.016297396888962944,0.0016405654386363534,0.0005054828205225359
base_sf_qty_scale,41,-0.1298137469652646,0.1298137469652646,0.011684697112334413,0.0038287183019437327
proj_lit_qty_scale,41,0.01533780617921382,0.017153020870701807,0.010552956573177823,0.002062034734334598
base_stand_density_scale,41,0.0,0.0,0.0,0.0
proj_stand_density_scale,41,0.15978356326762397,0.4466423191596789,0.5874262924938015,0.137877349749608
tree_wood_dens_sp1,41,0.2189803764199627,0.4674291272693846,0.5534310804979575,0.11052823042342785
base_cover,41,0.10846937836695454,0.13058757008021024,0.2802181721903649,0.08935704721471945
base_fire_off,41,-0.024885313060658495,0.024885313060658495,0.08969221031413534,0.023475185917333698
base_fire_on,41,-0.03493285974000255,0.03493285974000255,0.005956144895642587,0.001885990598943579
base_mortality,41,0.0,0.0,0.0,0.0
base_sf_n_delta,41,-0.13290163271820044,0.13290163271820044,0.013646164833617443,0.004551771405151935
base_thinning_delta,41,0.0,0.0,0.0,0.0
crop_base_left_delta,41,0.0653438419750978,0.06586799796697858,0.0360948177727926,0.011264586243959537
crop_base_yield_delta,41,-0.04262577668508394,0.050966950618880555,0.03406576648603669,0.005364502839598859
crop_carbon_above_sp3,41,0.018661038106717317,0.018661038106717317,0.009973554731021319,0.0032609504153484855
crop_carbon_below_sp3,41,0.033045474222769725,0.033045474222769725,0.01273370793976723,0.004006988382446091
crop_intercept_sp3,41,0.0016630785831332957,0.003692252870480711,0.005409031700744724,0.001405660826259419
crop_nitrogen_above_sp3,41,-0.011008484110479586,0.011008484110479586,0.004182521244884013,0.0012498817122695643
crop_nitrogen_below_sp3,41,-0.016081035434720982,0.016081035434720982,0.0022305876086514383,0.0006893207916086126
crop_carbon_above_sp10,41,0.01802904986681169,0.01802904986681169,0.011895620953212034,0.0037846246253936183
crop_carbon_below_sp10,41,0.007384763008795684,0.007478378625246909,0.005777769641807207,0.0018268254897791081
crop_intercept_sp10,41,0.0018477057220767702,0.006567144741819453,0.0071437642860514745,0.0009744025073422023
crop_nitrogen_above_sp10,41,-0.0070816779750791535,0.0070816779750791535,0.0014323384656658566,0.00043741116246519377
crop_nitrogen_below_sp10,41,-0.004457407240105647,0.004457407240105647,0.0014506415250371669,0.00043335930573447547
crop_proj_left_delta,41,0.016870268080182903,0.02141006879929954,0.0191242752673189,0.004296608085638264
crop_proj_yield_delta,41,0.13380801124563607,0.15141001238352877,0.0995775490989703,0.02051137252289081
crop_root_in_top_30,41,0.020738399522395742,0.020738399522395742,0.017158496450598283,0.005537435328238857
crop_root_to_shoot_sp3,41,0.01606224918757938,0.01606224918757938,0.010904643012205296,0.003130851597400467
crop_slope_sp3,41,-0.0025755215536822835,0.004138797024894972,0.004232597503464353,0.0007346288376300641
crop_root_to_shoot_sp10,41,0.004155984299636223,0.0044463896489630285,0.006508528360351099,0.001952888443205483
crop_slope_sp10,41,-0.004040879558467177,0.00913319585260063,0.010709156545744525,0.002117244630977243
cy0_to_ceq_multiplier,41,-0.0005179096750110912,0.0010323540994045476,0.002125332161744086,0.0006197459895019216
litter_carbon,41,-0.010222170281268914,0.010222170281268914,0.00629147331583425,0.002023316476195595
litter_nitrogen,41,0.02384058149275812,0.02384058149275812,0.0026222280512940115,0.0007248192172948839
mortality_fraction_branch_delta,41,0.004572815053776871,0.005503627809321701,0.004263284242221759,0.0008667299233868838
mortality_fraction_croot_delta,41,0.00020380904380736252,0.003006291053803084,0.005825746570325085,0.0015141796232110935
mortality_fraction_froot_delta,41,0.000439344059075758,0.001453108243283513,0.0022727025318143228,0.0005799514437493018
mortality_fraction_leaf_delta,41,0.0005568406583963903,0.0022571756993946144,0.003517311216452929,0.0008191542823880397
mortality_fraction_stem_delta,41,-0.0007384094797775076,0.015243814100226138,0.026314980650264407,0.006087965492334459
pool_alloc_froot_sp1,41,0.03326431610503163,0.0538689672490172,0.05815955362881428,0.012473175940714702
pool_alloc_leaf_sp1,41,0.024258330993263643,0.10148969510291472,0.1493756550638474,0.03145632618799209
pool_alloc_stem_sp1,41,-0.002679618909746345,0.28346687234077655,0.43073756181786965,0.09516006830377527
pool_turnover_branch_sp1,41,0.0637146706113871,0.15350500702348363,0.24067622828483523,0.054810060669322286
pool_turnover_croot_sp1,41,0.022242620472488,0.07876451439773252,0.12012460067505448,0.029195414263715636
pool_turnover_froot_sp1,41,0.023213889143798898,0.03908244928990933,0.0493359075688078,0.013122885713007154
pool_turnover_leaf_sp1,41,0.028067998298716035,0.03744154159355301,0.029510872601438178,0.0043364317704259105
pool_turnover_stem_sp1,41,3.5880480548147373,5.9066745916931485,9.7488538815061,2.3588961904220755
proj_cover,41,0.1324746657701569,0.24978594761821546,0.4127670823392983,0.09521720308531079
proj_fire_off,41,0.02339493953944246,0.02339493953944246,0.07196133832964131,0.02342570071968794
proj_fire_on,41,0.24696066160565935,0.24696066160565935,0.3214647684146162,0.10499777646643929
proj_mortality,41,0.47431823214778185,0.5432524926481486,1.452194649025215,0.46280647541431463
proj_thinning_delta,41,4.806544842858817,6.429747911486738,11.007093223302514,2.9627288221345522
roth_c_cover_c,41,-0.002658406915984968,0.009039047926098987,0.01485534088567841,0.003962383755799553
roth_c_dpm_frac_crop,41,-0.004726992198514984,0.004726992198514984,0.0075191554829170835,0.0023524599518542915
roth_c_dpm_frac_tree,41,-0.008816930765109266,0.012739852989070979,0.017386177554081325,0.004682149127188089
roth_c_moisture_b_slope,41,0.11131212625496527,0.1310816380287004,0.3383077882896075,0.09303780928679725
roth_c_temp_a1,41,0.014774660573812812,0.16221177322406286,0.3074743059739498,0.07017064799117138
roth_c_temp_a2,41,0.11755542305599524,0.34310841894009236,0.4495057927093895,0.10068936997666834
thinning_fraction_branch_delta,41,0.03135878599014912,0.03135878599014912,0.02550261084060346,0.00812343322828735
thinning_fraction_croot_delta,41,0.00921549027105931,0.00921549027105931,0.00960157638391375,0.002698635987457851
thinning_fraction_froot_delta,41,0.006511674529290333,0.006511674529290333,0.0067905533450300475,0.002188194021184226
thinning_fraction_leaf_delta,41,0.007955801856304071,0.007955801856304071,0.007892957263937168,0.0024679376406751027
thinning_fraction_stem_delta,41,0.06077049995543823,0.06077049995543823,0.08340685744153903,0.028894323979681454
tree_carbon_sp1,41,-0.06872186828290501,0.6707236115612049,1.2365154051516143,0.31249491673479396
tree_nitrogen_branch_sp1,41,0.0008279620667701049,0.0008279620667701049,0.0008846794995773116,0.00024584855683894286
tree_nitrogen_croot_sp1,41,0.0009362163027052548,0.0009362163027052548,0.0024551020117697365,0.0007378660867341572
tree_nitrogen_froot_sp1,41,0.021692575096987587,0.021692575096987587,0.03196410720751756,0.010045418948613868
tree_nitrogen_leaf_sp1,41,0.03775545148862256,0.03775545148862256,0.06674018302391221,0.01958291155991502
tree_nitrogen_stem_sp1,41,0.001814452104108169,0.001814452104108169,0.0019706478908375065,0.0006240019340574576
tree_root_in_top_30,41,0.011023127069676512,0.08770037495951039,0.14647716146003617,0.036302081897776464
tree_root_to_shoot_sp1,41,-0.015605885824460663,0.06936712892890823,0.14821415057562667,0.03689412725602008
cy0,42,-0.02363089216648614,0.06492561250995199,0.10844338476681468,0.02433905290537219
clay,42,0.010351058095014739,0.02806780079988135,0.06790475139376204,0.01854238160380852
temp_ci_delta,42,0.02927875514264739,0.13418788994395317,0.2639296225894622,0.07219764022352314
rain_ci_delta,42,0.1286182020351705,0.6754247546081185,1.711738460299101,0.42793651962099216
evap_ci_delta,42,0.08935350953568023,0.12789331589527758,0.269407300334234,0.07403697723920867
ef_burn_crop_N2O_scale,42,-0.0052650886213579965,0.005280373647966144,0.003171542566111706,0.0007929160788464808
ef_burn_crop_CH4_scale,42,-0.01964662849726994,0.01966816130121957,0.011926626289819194,0.003358149983668371
ef_burn_tree_N2O_scale,42,0.0043053886346191865,0.0043053886346191865,0.00761419192143986,0.002284843807970726
ef_burn_tree_CH4_scale,42,0.018944869922883793,0.018944869922883793,0.028496583063944054,0.008636862198335617
ef_N_inputs,42,-0.0880218853890992,0.1276933424501662,0.11345621082797615,0.021231896663163222
combustion_factor_crop,42,-0.023108582373568116,0.023134396611240636,0.015554308587243604,0.004563672827451521
combustion_factor_tree,42,0.02635119098220475,0.02635119098220475,0.043950710498334884,0.013159710999816363
volatile_frac_organic_fertiliser,42,-0.002875425650973834,0.002875425650973834,0.00030556244209793676,8.220332913377455e-05
volatile_frac_synthetic_fertiliser,42,0.016297396888963013,0.016297396888963013,0.0016405654386363192,0.000505482820522528
base_sf_qty_scale,42,-0.12981374696526457,0.12981374696526457,0.011684697112334493,0.0038287183019437717
proj_lit_qty_scale,42,0.015696693789315232,0.017397489087524733,0.010527873772580732,0.002104442332538638
base_stand_density_scale,42,0.0,0.0,0.0,0.0
proj_stand_density_scale,42,0.1481168309562656,0.4332189170996057,0.5781336320324536,0.13656479162495838
tree_wood_dens_sp1,42,0.20676423314319775,0.4499958217613075,0.5426975682727809,0.11047481019145908
base_cover,42,0.10597346198483723,0.12871610043040058,0.27654178820921527,0.0880270470896039
base_fire_off,42,-0.024885313060658512,0.024885313060658512,0.0896922103141354,0.023475185917333715
base_fire_on,42,-0.0349328597400028,0.0349328597400028,0.005956144895642983,0.0018859905989436496
base_mortality,42,0.0,0.0,0.0,0.0
base_sf_n_delta,42,-0.13290163271820057,0.13290163271820057,0.013646164833617302,0.004551771405151867
base_thinning_delta,42,0.0,0.0,0.0,0.0
crop_base_left_delta,42,0.06384400984876992,0.0644377581718675,0.03601126672988725,0.011219927591654763
crop_base_yield_delta,42,-0.04474845589346874,0.05244419130995198,0.03356829025553207,0.005408648292513195
crop_carbon_above_sp3,42,0.01776057991841981,0.017773977100927395,0.009482974978358451,0.0030961662270829445
crop_carbon_below_sp3,42,0.03158801574922971,0.03158801574922971,0.012438245800236567,0.003910956134542206
crop_intercept_sp3,42,0.0011893450086023036,0.003476950626035534,0.00506636574120318,0.0012484786658130652
crop_nitrogen_above_sp3,42,-0.011008484110479586,0.011008484110479586,0.004182521244884079,0.001249881712269593
crop_nitrogen_below_sp3,42,-0.016081035434720826,0.016081035434720826,0.002230587608651667,0.0006893207916086779
crop_carbon_above_sp10,42,0.01742425641455186,0.01742425641455186,0.011779678411360529,0.003749300708650984
crop_carbon_below_sp10,42,0.007136269858799106,0.007241630469896977,0.0057313231825765285,0.0018053794255153564
crop_intercept_sp10,42,0.0016515624073332956,0.006581287515081508,0.007169464613278527,0.0009567909129518344
crop_nitrogen_above_sp10,42,-0.007081677975079274,0.007081677975079274,0.0014323384656657417,0.0004374111624651607
crop_nitrogen_below_sp10,42,-0.004457407240105677,0.004457407240105677,0.0014506415250371955,0.00043335930573447893
crop_proj_left_delta,42,0.015847165628459697,0.020504603890181577,0.018483622617897134,0.0040618856912164
crop_proj_yield_delta,42,0.142059987249091,0.15549877309374968,0.09680716855916403,0.021470594856385385
crop_root_in_top_30,42,0.019065525503678755,0.019065525503678755,0.016911934537416524,0.005447873606434982
crop_root_to_shoot_sp3,42,0.014733082779947185,0.014733082779947185,0.010848310359945471,0.0031152280118005573
crop_slope_sp3,42,-0.003075044048526837,0.0044895464025838435,0.004223574213294289,0.0007299647856372132
crop_root_to_shoot_sp10,42,0.003904014758731725,0.004291442042351881,0.006499983072934777,0.001935330262806095
crop_slope_sp10,42,-0.004577539867163407,0.009367773858406295,0.010656947554314995,0.002075038007517012
cy0_to_ceq_multiplier,42,-0.0005217749089698909,0.001036398783094039,0.0021707835077579467,0.0006453058449960727
litter_carbon,42,-0.009870986944585602,0.009870986944585602,0.006274551230424376,0.0020199048149179477
litter_nitrogen,42,0.02384058149275816,0.02384058149275816,0.002622228051293943,0.0007248192172948827
mortality_fraction_branch_delta,42,0.004443272533897022,0.005354795469337046,0.004156774658363,0.0008405892257562741
mortality_fraction_croot_delta,42,0.00015632937029829986,0.0029518742508878064,0.005783009946801035,0.0015086319315730215
mortality_fraction_froot_delta,42,0.0004131875363685547,0.0014297359148526714,0.0022414605033159174,0.0005713037408741024
mortality_fraction_leaf_delta,42,0.0005183577511989445,0.002228421069380987,0.003482206774399884,0.0008108146430236623
mortality_fraction_stem_delta,42,-0.0009912200218763281,0.01498626977110643,0.026225812920941997,0.006121151882180925
pool_alloc_froot_sp1,42,0.03191664050663857,0.05219058251089983,0.05693255144185356,0.012289827200956113
pool_alloc_leaf_sp1,42,0.021957025247465786,0.09940728237567617,0.14803141832835132,0.03130366463726261
pool_alloc_stem_sp1,42,0.005416203403991624,0.2815843797670891,0.4241747200074347,0.09308291865469895
pool_turnover_branch_sp1,42,0.057537889971328825,0.14925477636811194,0.23697838556231351,0.05476499990019907
pool_turnover_croot_sp1,42,0.019900439321478544,0.0784909776871204,0.1229520122415487,0.03025375165134124
pool_turnover_froot_sp1,42,0.021740996437749033,0.038810352499919494,0.05086611338832984,0.01356681470434336
pool_turnover_leaf_sp1,42,0.026891506965968225,0.03670499925798618,0.029518679478389234,0.004196934916258323
pool_turnover_stem_sp1,42,3.4860854280933644,5.728992531179475,9.421606310171528,2.272599298077966
proj_cover,42,0.09317449240093204,0.24144669251848913,0.3900901581627648,0.08610614231014609
proj_fire_off,42,0.023394939539442328,0.023394939539442328,0.07196133832964094,0.02342570071968775
proj_fire_on,42,0.24571274559892303,0.24571274559892303,0.3260313743541946,0.10649328922997758
proj_mortality,42,0.48074014104456675,0.5477545195630749,1.4639342188649942,0.4668086931741607
proj_thinning_delta,42,4.718619506621049,6.311390725171611,10.72524202889275,2.890364916093631
roth_c_cover_c,42,-0.0012852210463185202,0.00949179468821708,0.017611693848151998,0.004918573620257697
roth_c_dpm_frac_crop,42,-0.004166549687201262,0.004166549687201262,0.00639466233807233,0.001984720663907282
roth_c_dpm_frac_tree,42,-0.006637233495784331,0.011965150235958764,0.017630858950029277,0.0046967598668574756
roth_c_moisture_b_slope,42,0.10591193056909369,0.13077091002037955,0.3337810672174261,0.09153272291218063
roth_c_temp_a1,42,0.03432157504045845,0.172359550994185,0.3272777247376084,0.07466437530380599
roth_c_temp_a2,42,0.07314414625168628,0.3554226859159081,0.5112478834023784,0.11874557975403005
thinning_fraction_branch_delta,42,0.02319437288563154,0.02319437288563154,0.017608992719229877,0.005679654574751354
thinning_fraction_croot_delta,42,0.006976050964009122,0.006976050964009122,0.006277745108227787,0.0018220069639820673
thinning_fraction_froot_delta,42,0.004849200961797928,0.004849200961797928,0.0048959992166462424,0.0015332113253223832
thinning_fraction_leaf_delta,42,0.006067983261912414,0.006067983261912414,0.005214063079347699,0.0016390244393739508
thinning_fraction_stem_delta,42,0.04526619123157652,0.04526619123157652,0.056605719083713237,0.019243790489964788
tree_carbon_sp1,42,-0.07718524770747999,0.6522453193601485,1.2125398861455505,0.308492872397876
tree_nitrogen_branch_sp1,42,0.0008173655490696207,0.0008173655490696207,0.0008923314512794333,0.0002479623181135707
tree_nitrogen_croot_sp1,42,0.0009412783505133541,0.0009412783505133541,0.0024971029336073214,0.0007505249906657384
tree_nitrogen_froot_sp1,42,0.02170555166049968,0.02170555166049968,0.03240012156881077,0.01018053420970543
tree_nitrogen_leaf_sp1,42,0.03787405215137797,0.03787405215137797,0.06784603058375506,0.019900454317889515
tree_nitrogen_stem_sp1,42,0.0017982896967337653,0.0017982896967337653,0.001996367348672322,0.0006311257451190286
tree_root_in_top_30,42,0.007856097775338184,0.08603914524143137,0.14632188795023734,0.03649899016610961
tree_root_to_shoot_sp1,42,-0.01649699240098606,0.06762482427473815,0.14521880502485604,0.036306035883868396
cy0,43,-0.023313428314126604,0.06425163352526027,0.10579341423292032,0.023289070100749293
clay,43,0.008473618547510947,0.02674908459873568,0.06457797001084745,0.01768301540913964
temp_ci_delta,43,0.03974585794422595,0.1384515637138541,0.28288530978242393,0.07849990041275287
rain_ci_delta,43,0.17930920852357565,0.6886096674610711,1.811627150252179,0.4526862452330701
evap_ci_delta,43,0.07428921581534408,0.12572111768774188,0.273636916485658,0.06991144232067896
ef_burn_crop_N2O_scale,43,-0.0052650886213578135,0.005280373647965994,0.0031715425661117836,0.0007929160788464919
ef_burn_crop_CH4_scale,43,-0.019646628497269933,0.019668161301219563,0.011926626289819192,0.003358149983668355
ef_burn_tree_N2O_scale,43,0.0042902321677937925,0.0042902321677937925,0.007706493435621027,0.002311746070826803
ef_burn_tree_CH4_scale,43,0.018914737768848573,0.018914737768848573,0.028871393867131737,0.00876297668523676
ef_N_inputs,43,-0.08800852549772278,0.1284218320418407,0.11504898391353839,0.021605415903166978
combustion_factor_crop,43,-0.02310858237356821,0.023134396611240726,0.015554308587243656,0.0045636728274515035
combustion_factor_tree,43,0.02633592541687113,0.02633592541687113,0.04454486588360482,0.013351706066863372
volatile_frac_organic_fertiliser,43,-0.0028754256509738426,0.0028754256509738426,0.0003055624420978833,8.220332913377004e-05
volatile_frac_synthetic_fertiliser,43,0.016297396888962964,0.016297396888962964,0.0016405654386364523,0.000505482820522572
base_sf_qty_scale,43,-0.12981374696526435,0.12981374696526435,0.01168469711233447,0.0038287183019437626
proj_lit_qty_scale,43,0.016041483320128173,0.01763053282258066,0.010500783383724262,0.0021477759639001418
base_stand_density_scale,43,0.0,0.0,0.0,0.0
proj_stand_density_scale,43,0.1449057355649606,0.41785341649861846,0.5569500858170923,0.13170504114021345
tree_wood_dens_sp1,43,0.20124815404967347,0.4322101359630731,0.5251428452373107,0.10833512895775609
base_cover,43,0.10359585915191623,0.12689009203630772,0.2730018460784918,0.08675267088152838
base_fire_off,43,-0.02488531306065852,0.02488531306065852,0.08969221031413543,0.023475185917333722
base_fire_on,43,-0.034932859740002674,0.034932859740002674,0.005956144895642979,0.0018859905989436524
base_mortality,43,0.0,0.0,0.0,0.0
base_sf_n_delta,43,-0.1329016327182007,0.1329016327182007,0.013646164833617207,0.004551771405151781
base_thinning_delta,43,0.0,0.0,0.0,0.0
crop_base_left_delta,43,0.06240341927755451,0.06306400456866952,0.03591911464022043,0.011174410945948801
crop_base_yield_delta,43,-0.04678482512831219,0.05385533253150219,0.03307908159621,0.005500047725141602
crop_carbon_above_sp3,43,0.016937846016939657,0.016994207987075426,0.009079393255480213,0.002930668224678232
crop_carbon_below_sp3,43,0.03023867544003441,0.03023867544003441,0.012195987201463847,0.0038316008281254308
crop_intercept_sp3,43,0.00076146555984479,0.003345171996470006,0.004812947025658877,0.0011340003443986542
crop_nitrogen_above_sp3,43,-0.01100848411047967,0.01100848411047967,0.004182521244883907,0.0012498817122695589
crop_nitrogen_below_sp3,43,-0.01608103543472081,0.01608103543472081,0.0022305876086516443,0.0006893207916086762
crop_carbon_above_sp10,43,0.01684455779678624,0.01684455779678624,0.011666384816154072,0.003714979906815654
crop_carbon_below_sp10,43,0.0068985808973389285,0.0070150620916362965,0.00568646920205597,0.0017849342274244718
crop_intercept_sp10,43,0.0014635887608338617,0.006595296223674813,0.007194501012434074,0.0009432140093201596
crop_nitrogen_above_sp10,43,-0.007081677975079104,0.007081677975079104,0.0014323384656656781,0.00043741116246512123
crop_nitrogen_below_sp10,43,-0.004457407240105518,0.004457407240105518,0.001450641525037207,0.00043335930573448457
crop_proj_left_delta,43,0.014927560009101873,0.019687093114279276,0.017903456205449933,0.003851061892530604
crop_proj_yield_delta,43,0.14960287445677578,0.16057397483392546,0.09460972935752421,0.021478223282559505
crop_root_in_top_30,43,0.01751064082148208,0.017571015779225197,0.01671306557254529,0.005351544478126984
crop_root_to_shoot_sp3,43,0.013488340272890998,0.013488340272890998,0.01080825434518975,0.0031062759348163263
crop_slope_sp3,43,-0.0035407998777687217,0.004817152852465692,0.004216707135009781,0.0007407999393818488
crop_root_to_shoot_sp10,43,0.0036622358025060475,0.004182856490000575,0.0064901477508412485,0.0019096835724206613
crop_slope_sp10,43,-0.005091907005511713,0.00959122682843817,0.01060767798577109,0.0020449267938887515
cy0_to_ceq_multiplier,43,-0.0005258903369158768,0.001041254863547833,0.00230379886789402,0.0007005648525124661
litter_carbon,43,-0.009534050711538436,0.009534050711538436,0.006255877858692457,0.002015877540029073
litter_nitrogen,43,0.0238405814927583,0.0238405814927583,0.0026222280512939746,0.0007248192172949036
mortality_fraction_branch_delta,43,0.004378321276217118,0.005252465028068404,0.004036280935294998,0.0008150844503761435
mortality_fraction_croot_delta,43,0.00013563734055965088,0.002897875296752643,0.0056988695839297505,0.0014891389438410033
mortality_fraction_froot_delta,43,0.00039849121947995586,0.0014053190106813704,0.0021916789425957543,0.0005558967525710746
mortality_fraction_leaf_delta,43,0.0005028664351557716,0.002192671316617492,0.003410804991375075,0.0007921542564773969
mortality_fraction_stem_delta,43,-0.0010522937523836152,0.014657081314145531,0.025852062207813258,0.006066706763826785
pool_alloc_froot_sp1,43,0.03114070917893918,0.05076961377501219,0.05518288276493606,0.011895765642984488
pool_alloc_leaf_sp1,43,0.021015102778384004,0.09693052505558376,0.14441536422866263,0.030492958504017283
pool_alloc_stem_sp1,43,0.011056332012897897,0.27933098473627554,0.4163777952123423,0.09069714853232203
pool_turnover_branch_sp1,43,0.04798148611783336,0.145698148920053,0.233809273840972,0.054354575485153135
pool_turnover_croot_sp1,43,0.018479059681725467,0.07816767563463878,0.12437361161702636,0.030832541484571565
pool_turnover_froot_sp1,43,0.02067929575232396,0.03857981147821914,0.0518146778224726,0.013820375971699281
pool_turnover_leaf_sp1,43,0.026258330611382625,0.03599482792380507,0.029004976502354885,0.004052128482738708
pool_turnover_stem_sp1,43,3.278775766593779,5.478772304334583,8.986077886243315,2.151478482993681
proj_cover,43,0.05797825503104699,0.2358803511043987,0.36940358022551617,0.07870632047165121
proj_fire_off,43,0.023394939539442328,0.023394939539442328,0.07196133832964094,0.02342570071968775
proj_fire_on,43,0.24439308696310796,0.24439308696310796,0.33015023513171404,0.10784098724398135
proj_mortality,43,0.48115959003936803,0.5480427801652299,1.4640222629786628,0.466946433955958
proj_thinning_delta,43,4.527499298558476,6.116437847079734,10.30942762215603,2.769369261226218
roth_c_cover_c,43,-0.0004044356348366779,0.010024707399621727,0.019467648377368425,0.005490734402162988
roth_c_dpm_frac_crop,43,-0.003723442166605781,0.003723442166605781,0.005468726382369873,0.0016849729919823488
roth_c_dpm_frac_tree,43,-0.005399142994290144,0.011283022400616393,0.017245482269160634,0.004598697789738014
roth_c_moisture_b_slope,43,0.10034599237798561,0.12812748134370144,0.32591580577889123,0.08924676203911239
roth_c_temp_a1,43,0.046617590866933595,0.18147719661811293,0.3489224333245188,0.08043765267365066
roth_c_temp_a2,43,0.05026148827258139,0.3633965140211365,0.5475859892467194,0.13069622459784608
thinning_fraction_branch_delta,43,0.018662815516210594,0.018662815516210594,0.013636108785308125,0.004459912337617452
thinning_fraction_croot_delta,43,0.0057546542582009004,0.0057546542582009004,0.004676818062336129,0.001411883829289687
thinning_fraction_froot_delta,43,0.003935619111400825,0.003935619111400825,0.003914840475810272,0.0011818598307672395
thinning_fraction_leaf_delta,43,0.0050575002728376365,0.0050575002728376365,0.004026298182847639,0.0012661659848977427
thinning_fraction_stem_delta,43,0.03675660998158649,0.03675660998158649,0.04300104890378756,0.014212547617906806
tree_carbon_sp1,43,-0.07671531456374339,0.6308504872938488,1.1730388204615823,0.29921016401890543
tree_nitrogen_branch_sp1,43,0.0008069308261362956,0.0008069308261362956,0.000899341014306857,0.00024987471430859895
tree_nitrogen_croot_sp1,43,0.0009458117923377557,0.0009458117923377557,0.002535787997312286,0.0007621741846577988
tree_nitrogen_froot_sp1,43,0.021711638470550493,0.021711638470550493,0.032808827076034615,0.010306657470670767
tree_nitrogen_leaf_sp1,43,0.037969740698270915,0.037969740698270915,0.06886721811558401,0.020193789467487507
tree_nitrogen_stem_sp1,43,0.0017825416139398934,0.0017825416139398934,0.0020211396217206593,0.0006379946261835137
tree_root_in_top_30,43,0.006339533168394629,0.08393489620955845,0.1437280807946986,0.0359265923769514
tree_root_to_shoot_sp1,43,-0.016297870802606123,0.06541281508438784,0.14032001011842543,0.035142832784988344
cy0,44,-0.02298802271620032,0.06541632562061958,0.10437285379548085,0.022477028446108837
clay,44,0.006758339562401001,0.025394256116059027,0.06181005385572753,0.017016632982603853
temp_ci_delta,44,0.04549297828453215,0.14009483536300033,0.29338535801203036,0.08199862647437481
rain_ci_delta,44,0.22080662797057035,0.7008630150788329,1.8906455900874437,0.4725409005259535
evap_ci_delta,44,0.06172451085177355,0.1220026956449444,0.27666150364471265,0.0678573930481689
ef_burn_crop_N2O_scale,44,-0.0052650886213578135,0.005280373647966028,0.0031715425661117385,0.0007929160788464618
ef_burn_crop_CH4_scale,44,-0.019646628497269884,0.01966816130121948,0.01192662628981925,0.003358149983668377
ef_burn_tree_N2O_scale,44,0.004274417567799135,0.004274417567799135,0.007791343512508929,0.0023363805141939425
ef_burn_tree_CH4_scale,44,0.018879794939281262,0.018879794939281262,0.02921882222575844,0.008880672912327402
ef_N_inputs,44,-0.08803394691372705,0.12909464201505028,0.11647508065252621,0.02194411862569656
combustion_factor_crop,44,-0.02310858237356801,0.023134396611240525,0.015554308587243715,0.004563672827451523
combustion_factor_tree,44,0.026313434328938935,0.026313434328938935,0.04510339561461953,0.013532627602348097
volatile_frac_organic_fertiliser,44,-0.002875425650973801,0.002875425650973801,0.00030556244209793297,8.220332913377203e-05
volatile_frac_synthetic_fertiliser,44,0.01629739688896304,0.01629739688896304,0.001640565438636477,0.0005054828205225866
base_sf_qty_scale,44,-0.1298137469652647,0.1298137469652647,0.011684697112334339,0.0038287183019436962
proj_lit_qty_scale,44,0.016372877137653834,0.017866949807569817,0.010471670692722356,0.002186235478790236
base_stand_density_scale,44,0.0,0.0,0.0,0.0
proj_stand_density_scale,44,0.1462392946708882,0.4020776456269962,0.5294017256772977,0.1247524320833539
tree_wood_dens_sp1,44,0.1993570329651541,0.4151797442258166,0.5041514593388419,0.10490783968116485
base_cover,44,0.1013286362057915,0.1250886253116786,0.2695878835224264,0.08553278091704807
base_fire_off,44,-0.024885313060658505,0.024885313060658505,0.08969221031413536,0.023475185917333705
base_fire_on,44,-0.03493285974000278,0.03493285974000278,0.005956144895642941,0.0018859905989436323
base_mortality,44,0.0,0.0,0.0,0.0
base_sf_n_delta,44,-0.13290163271820074,0.13290163271820074,0.013646164833617289,0.004551771405151802
base_thinning_delta,44,0.0,0.0,0.0,0.0
crop_base_left_delta,44,0.06101932537345082,0.06174371610679176,0.035818318216230785,0.011127971448682945
crop_base_yield_delta,44,-0.04873877901368831,0.0552586646120541,0.0325980383697487,0.00556158093034966
crop_carbon_above_sp3,44,0.016179267246960748,0.016274775485079128,0.008743331299066296,0.0027894696689779925
crop_carbon_below_sp3,44,0.028979330552085993,0.028979330552085993,0.011994973196172577,0.003765137326993902
crop_intercept_sp3,44,0.00037073458982149335,0.0032578476788892572,0.004632509501198018,0.0010605359957718233
crop_nitrogen_above_sp3,44,-0.01100848411047962,0.01100848411047962,0.004182521244883973,0.001249881712269561
crop_nitrogen_below_sp3,44,-0.01608103543472094,0.01608103543472094,0.0022305876086516443,0.0006893207916086564
crop_carbon_above_sp10,44,0.01628883188344577,0.01628883188344577,0.0115554866146326,0.003681425079956596
crop_carbon_below_sp10,44,0.006670710854159946,0.006797462048438353,0.005642943423805854,0.0017655651360741532
crop_intercept_sp10,44,0.001284080086593134,0.006608693764375015,0.007218111046453587,0.0009331156117646512
crop_nitrogen_above_sp10,44,-0.007081677975079062,0.007081677975079062,0.0014323384656656864,0.0004374111624651434
crop_nitrogen_below_sp10,44,-0.004457407240105718,0.004457407240105718,0.0014506415250370734,0.00043335930573444706
crop_proj_left_delta,44,0.01408953874427249,0.018928626193897458,0.017369284479964543,0.0036644781316747415
crop_proj_yield_delta,44,0.15657611836711674,0.1653366735588321,0.09286177386501093,0.021654265804996006
crop_root_in_top_30,44,0.016053473591617788,0.016225986736922115,0.016549213499112085,0.005237814110566925
crop_root_to_shoot_sp3,44,0.012314625799000906,0.012314625799000906,0.010776068879844895,0.003100934586317479
crop_slope_sp3,44,-0.0039797244457605765,0.005124341536638458,0.004210682467367813,0.0007644163804846837
crop_root_to_shoot_sp10,44,0.0034295727660089747,0.0040864125309561725,0.0064790573442775065,0.0018859764128047478
crop_slope_sp10,44,-0.005585229070374403,0.009820961743538609,0.010561069088867257,0.0020191004810618577
cy0_to_ceq_multiplier,44,-0.0005302094707515858,0.0010468729080570615,0.002493979247334024,0.0007737731291502908
litter_carbon,44,-0.009210722371772668,0.009210722371772668,0.006235477753734396,0.002011261624381132
litter_nitrogen,44,0.023840581492758296,0.023840581492758296,0.002622228051293937,0.0007248192172949067
mortality_fraction_branch_delta,44,0.004350972046930535,0.00517308218068852,0.00391470868679035,0.0007945403711728606
mortality_fraction_croot_delta,44,0.00013184951407001073,0.0028431119198940548,0.005586256993707037,0.0014600899105814817
mortality_fraction_froot_delta,44,0.00039092135546039546,0.0013792781260201017,0.002129382621458041,0.0005361096774922304
mortality_fraction_leaf_delta,44,0.0005014135554784138,0.002151016579559695,0.0033149480447551795,0.0007665331327048657
mortality_fraction_stem_delta,44,-0.0009968866561092388,0.01428171294185238,0.025309564563036263,0.005959937489232697
pool_alloc_froot_sp1,44,0.03067811781640224,0.049480205235280315,0.05313153169572171,0.011380920540384254
pool_alloc_leaf_sp1,44,0.020853028505684636,0.09420707657069169,0.13942456468082773,0.029282482679851153
pool_alloc_stem_sp1,44,0.015355527297648849,0.27647939369071034,0.40882936763816635,0.08867319558909648
pool_turnover_branch_sp1,44,0.03695558956318491,0.14782106049830718,0.23254441973264048,0.05096400867092011
pool_turnover_croot_sp1,44,0.017587063354409727,0.07775928306725348,0.12490999957668897,0.031116097324856373
pool_turnover_froot_sp1,44,0.0198693968314268,0.03833719802114864,0.05234504259042395,0.01394298503402914
pool_turnover_leaf_sp1,44,0.025938386345474396,0.035300333532460614,0.028198882131749477,0.0039066436353841945
pool_turnover_stem_sp1,44,3.014330860226056,5.191301035393574,8.49515468370785,2.0147623646934427
proj_cover,44,0.02926919866710364,0.2289065189283151,0.354133626767551,0.07492465356124518
proj_fire_off,44,0.02339493953944246,0.02339493953944246,0.07196133832964131,0.02342570071968794
proj_fire_on,44,0.2429969658997976,0.2429969658997976,0.3338079192801387,0.10903643295358595
proj_mortality,44,0.4779845696903715,0.5457896594108859,1.4559168430338136,0.4643784437210648
proj_thinning_delta,44,4.278620282568335,5.87541477923199,9.815183270820128,2.6205461456098145
roth_c_cover_c,44,0.0001306546108153145,0.010298838943457431,0.020546983936489085,0.005835120278838839
roth_c_dpm_frac_crop,44,-0.003363004222594698,0.003363004222594698,0.004706581478713182,0.0014407822553504275
roth_c_dpm_frac_tree,44,-0.004661068227356645,0.010662335680931976,0.01650959723209643,0.004401814832501153
roth_c_moisture_b_slope,44,0.09484936656684714,0.1254557750405781,0.31565243686666666,0.0861154075083987
roth_c_temp_a1,44,0.05322254019603564,0.18819137005705205,0.36682687297298905,0.08533371086695934
roth_c_temp_a2,44,0.041680437495185754,0.3681662929594181,0.5648127695510823,0.13680198357460174
thinning_fraction_branch_delta,44,0.01595881266775078,0.01595881266775078,0.011306497320244711,0.0037313061403343954
thinning_fraction_croot_delta,44,0.005039949259478431,0.005039949259478431,0.003885779167701672,0.001209168704011153
thinning_fraction_froot_delta,44,0.003390927591103046,0.003390927591103046,0.0033152394001923166,0.0009687376208424274
thinning_fraction_leaf_delta,44,0.004480919671439492,0.004480919671439492,0.003519995381048637,0.001102927819154311
thinning_fraction_stem_delta,44,0.0317509721091568,0.0317509721091568,0.035451637280143625,0.011412095471092704
tree_carbon_sp1,44,-0.07087434531351076,0.607365231742741,1.123143437434367,0.2864146025262181
tree_nitrogen_branch_sp1,44,0.0007966362222673051,0.0007966362222673051,0.0009056993338086413,0.0002515842158913286
tree_nitrogen_croot_sp1,44,0.0009497752931276734,0.0009497752931276734,0.0025710248628457435,0.0007727736107361827
tree_nitrogen_froot_sp1,44,0.021710215448273902,0.021710215448273902,0.033189283813338175,0.010423493397122719
tree_nitrogen_leaf_sp1,44,0.038041142459193225,0.038041142459193225,0.06980065094264971,0.02046203684047956
tree_nitrogen_stem_sp1,44,0.001767128713797489,0.001767128713797489,0.002044855747364054,0.0006445767651677699
tree_root_in_top_30,44,0.005753717031815109,0.08160947047758099,0.13974067935668108,0.03489962019501942
tree_root_to_shoot_sp1,44,-0.01543878974052911,0.06288930216186002,0.13409240026842703,0.03358185861368369
cy0,45,-0.022656308763746677,0.06641398468050114,0.10403829054069444,0.022092058376781028
clay,45,0.005281049850825734,0.024868114129150867,0.05963985295702534,0.016278869902993664
temp_ci_delta,45,0.04814849089612498,0.1404161592373035,0.29799467714798883,0.08340751337030426
rain_ci_delta,45,0.2525972193543461,0.7100055086427827,1.9460882457259507,0.4868411116720785
evap_ci_delta,45,0.051632443560586924,0.11747035613605775,0.27736721654275714,0.06685252402010472
ef_burn_crop_N2O_scale,45,-0.005265088621357888,0.0052803736479660355,0.0031715425661116774,0.0007929160788464764
ef_burn_crop_CH4_scale,45,-0.019646628497269853,0.019668161301219483,0.011926626289819301,0.00335814998366834
ef_burn_tree_N2O_scale,45,0.004257807351450463,0.004257807351450463,0.007868395245198554,0.002358644574266567
ef_burn_tree_CH4_scale,45,0.01883942397895095,0.01883942397895095,0.02953726640454539,0.008989425300476656
ef_N_inputs,45,-0.08809967292449654,0.12971156452002663,0.1177303008092278,0.022245957009429242
combustion_factor_crop,45,-0.023108582373568175,0.02313439661124069,0.015554308587243678,0.0045636728274515296
combustion_factor_tree,45,0.026282886682288325,0.026282886682288325,0.045624372222391546,0.013701887836115426
volatile_frac_organic_fertiliser,45,-0.0028754256509737177,0.0028754256509737177,0.00030556244209783095,8.220332913373861e-05
volatile_frac_synthetic_fertiliser,45,0.01629739688896289,0.01629739688896289,0.001640565438636383,0.0005054828205225452
base_sf_qty_scale,45,-0.12981374696526443,0.12981374696526443,0.011684697112334436,0.0038287183019437413
proj_lit_qty_scale,45,0.016691494948427695,0.018096860775350863,0.010440550091830989,0.0022238094253250965
base_stand_density_scale,45,0.0,0.0,0.0,0.0
proj_stand_density_scale,45,0.14041353574406307,0.39131956165439086,0.5017721776754869,0.11567062008084839
tree_wood_dens_sp1,45,0.203543263236707,0.40768289112917255,0.4811497615556832,0.09981596058129841
base_cover,45,0.09916563942834529,0.12330322006212209,0.2662910675042693,0.08436516995646924
base_fire_off,45,-0.024885313060658495,0.024885313060658495,0.08969221031413534,0.023475185917333698
base_fire_on,45,-0.03493285974000274,0.03493285974000274,0.005956144895642994,0.001885990598943664
base_mortality,45,0.0,0.0,0.0,0.0
base_sf_n_delta,45,-0.1329016327182008,0.1329016327182008,0.013646164833617348,0.004551771405151837
base_thinning_delta,45,0.0,0.0,0.0,0.0
crop_base_left_delta,45,0.05968916416300196,0.06047466464547959,0.035709372375839724,0.011080470774011548
crop_base_yield_delta,45,-0.05061368209874242,0.05663587431876512,0.03212536553748967,0.005609333946370607
crop_carbon_above_sp3,45,0.015474911623078388,0.015606124371503775,0.008459580909945188,0.0026678215111139015
crop_carbon_below_sp3,45,0.0277986650114758,0.0277986650114758,0.011825128415932822,0.0037086024408116954
crop_intercept_sp3,45,1.002011097368527e-05,0.003244302617907402,0.004511164543250329,0.0010126542794642768
crop_nitrogen_above_sp3,45,-0.011008484110479836,0.011008484110479836,0.004182521244883951,0.0012498817122695073
crop_nitrogen_below_sp3,45,-0.016081035434720777,0.016081035434720777,0.0022305876086517193,0.0006893207916086887
crop_carbon_above_sp10,45,0.015755793225539876,0.015755793225539876,0.011446652398914486,0.0036486150338459833
crop_carbon_below_sp10,45,0.006452213770204574,0.0065885510305474845,0.005600629860418276,0.0017471329697519781
crop_intercept_sp10,45,0.0011120450165858914,0.006621510113834242,0.007240603543314971,0.0009263163539036449
crop_nitrogen_above_sp10,45,-0.00708167797507907,0.00708167797507907,0.001432338465665736,0.0004374111624651529
crop_nitrogen_below_sp10,45,-0.004457407240105506,0.004457407240105506,0.001450641525037187,0.00043335930573448755
crop_proj_left_delta,45,0.013318636941821439,0.018218698974256757,0.01687182258823736,0.003497443254364016
crop_proj_yield_delta,45,0.1630731089765275,0.16984587460512618,0.09146565140716727,0.021941032910924536
crop_root_in_top_30,45,0.014680508935556957,0.014972185951421451,0.016410638950694032,0.005131241118499793
crop_root_to_shoot_sp3,45,0.011203262527976534,0.011203262527976534,0.010746848723609159,0.003097391245537774
crop_slope_sp3,45,-0.00439542866541493,0.0054163411502410495,0.0042046591009109015,0.0007963653678116283
crop_root_to_shoot_sp10,45,0.0032057598767777098,0.00400990048344136,0.00646673127720015,0.0018609730497398422
crop_slope_sp10,45,-0.0060586023540574975,0.010075456079992924,0.010516931719513654,0.0019877938077508678
cy0_to_ceq_multiplier,45,-0.0005343816640339865,0.001051405844694167,0.0027163880148517645,0.0008559759554462976
litter_carbon,45,-0.008900458631777134,0.008900458631777134,0.006213384384037364,0.0020060359998150755
litter_nitrogen,45,0.02384058149275793,0.02384058149275793,0.002622228051294061,0.0007248192172948542
mortality_fraction_branch_delta,45,0.004346518312267846,0.0051233764025272145,0.0037996927080842903,0.0007729577904575328
mortality_fraction_croot_delta,45,0.0001397881179303534,0.002786873066651499,0.005451730347259292,0.0014237044837261661
mortality_fraction_froot_delta,45,0.00038825112355618947,0.0013514436548077448,0.0020579060861934083,0.0005132271290843324
mortality_fraction_leaf_delta,45,0.0005093237955514918,0.002104404083157646,0.0032013746615451094,0.0007358934247568269
mortality_fraction_stem_delta,45,-0.0008641424517652069,0.013866192270992015,0.02465784135092262,0.005819905625954956
pool_alloc_froot_sp1,45,0.030419823154525488,0.04827060536192963,0.05086617794606159,0.010785847729075421
pool_alloc_leaf_sp1,45,0.02119314753899549,0.09132848193548997,0.13353854039846683,0.02780849434953964
pool_alloc_stem_sp1,45,0.01694084043204649,0.2748695181177331,0.4027301623316684,0.08687099867545402
pool_turnover_branch_sp1,45,0.02403560173142571,0.15133523760666825,0.2340112239677159,0.048380388952446125
pool_turnover_croot_sp1,45,0.017023668336988033,0.07725412591354823,0.12483693224975508,0.03120228866905791
pool_turnover_froot_sp1,45,0.019201653656446115,0.03802824856859895,0.05253995288734349,0.013978693016459452
pool_turnover_leaf_sp1,45,0.02581080946953157,0.03461338460678369,0.02722441330858248,0.0037852013208267395
pool_turnover_stem_sp1,45,2.6954764984132638,4.9048044141411244,7.987440184601137,1.8781538150624355
proj_cover,45,0.007074322909439423,0.2234226594810363,0.34454347109335626,0.07263131780920376
proj_fire_off,45,0.023394939539442494,0.023394939539442494,0.07196133832964141,0.02342570071968797
proj_fire_on,45,0.24152096237694268,0.24152096237694268,0.336995271887543,0.1100765852652475
proj_mortality,45,0.472429179830918,0.5416225417670226,1.4415197693079176,0.4597001763032717
proj_thinning_delta,45,3.9951178018339775,5.60463107978841,9.273180751173351,2.45534555298344
roth_c_cover_c,45,0.00044070700227546723,0.010372210154251629,0.021073137595658386,0.006017877015527969
roth_c_dpm_frac_crop,45,-0.0030644498030867827,0.0030644498030867827,0.004078518247566171,0.0012417303648348888
roth_c_dpm_frac_tree,45,-0.004200257219772081,0.010052371997367927,0.015612589294909966,0.004159036779517878
roth_c_moisture_b_slope,45,0.08949679498182524,0.12302859108736774,0.3038666524219747,0.08240794208433606
roth_c_temp_a1,45,0.05584307705069438,0.19267452146239156,0.3795584291965835,0.08872358514860788
roth_c_temp_a2,45,0.04167346536072505,0.37076640851068005,0.5699361806419515,0.13901322767509816
thinning_fraction_branch_delta,45,0.014203727791771061,0.014203727791771061,0.00970780030133773,0.0032144495150738125
thinning_fraction_croot_delta,45,0.004585566731399179,0.004585566731399179,0.003461304199524401,0.0010966361311637977
thinning_fraction_froot_delta,45,0.003034899060039309,0.003034899060039309,0.0028926074530032865,0.000823295326560355
thinning_fraction_leaf_delta,45,0.004122850637220675,0.004122850637220675,0.0032856344986329127,0.0010258006060562164
thinning_fraction_stem_delta,45,0.028560747170628266,0.028560747170628266,0.030664393781452536,0.009679822162310425
tree_carbon_sp1,45,-0.05792130420100601,0.5860211610197333,1.0669976660348923,0.2699766704141971
tree_nitrogen_branch_sp1,45,0.0007864626516300266,0.0007864626516300266,0.000911400142766713,0.0002530902184814083
tree_nitrogen_croot_sp1,45,0.000953133842807756,0.000953133842807756,0.0026027129828975933,0.0007822928870625271
tree_nitrogen_froot_sp1,45,0.021700732307937648,0.021700732307937648,0.03354069768790733,0.01053079585934114
tree_nitrogen_leaf_sp1,45,0.038087143215152976,0.038087143215152976,0.07064395603415667,0.02070452067247742
tree_nitrogen_stem_sp1,45,0.0017519790776862221,0.0017519790776862221,0.002067414717029315,0.000650842275117733
tree_root_in_top_30,45,0.00574421218648799,0.07916042730755724,0.13487693000067727,0.03357974856989974
tree_root_to_shoot_sp1,45,-0.014157575797093438,0.060154925095543724,0.12693182168098074,0.03174286954775056
cy0,46,-0.022318158401633505,0.06725621600720315,0.10462947978381258,0.022091607745134162
clay,46,0.004053205915941038,0.025216869335477916,0.0579316049286546,0.015416188791119978
temp_ci_delta,46,0.04884961322831214,0.13972921985263684,0.29871791363988737,0.08355566650206588
rain_ci_delta,46,0.27567394331600753,0.7154442767101068,1.9800026420322436,0.49600184371884193
evap_ci_delta,46,0.043707398262002074,0.11262462080335407,0.27584862498852847,0.06624984164246273
ef_burn_crop_N2O_scale,46,-0.0052650886213578135,0.005280373647966044,0.003171542566111724,0.00079291607884646
ef_burn_crop_CH4_scale,46,-0.01964662849726998,0.019668161301219598,0.011926626289819298,0.003358149983668393
ef_burn_tree_N2O_scale,46,0.004240171715662072,0.004240171715662072,0.00793743443811571,0.002378460861860712
ef_burn_tree_CH4_scale,46,0.01878341737453286,0.01878341737453286,0.02983007220396038,0.009088910982456162
ef_N_inputs,46,-0.08820675447480483,0.13027275683344874,0.11881199122400385,0.022509424370098362
combustion_factor_crop,46,-0.02310858237356801,0.023134396611240525,0.015554308587243715,0.004563672827451535
combustion_factor_tree,46,0.026243566924918686,0.026243566924918686,0.04610613266581643,0.013858981004555416
volatile_frac_organic_fertiliser,46,-0.002875425650973734,0.002875425650973734,0.00030556244209795747,8.220332913376848e-05
volatile_frac_synthetic_fertiliser,46,0.016297396888963082,0.016297396888963082,0.0016405654386364198,0.0005054828205225612
base_sf_qty_scale,46,-0.12981374696526457,0.12981374696526457,0.011684697112334493,0.00382871830194377
proj_lit_qty_scale,46,0.016997909724671113,0.018316369734908772,0.010407445814570622,0.0022619871148175904
base_stand_density_scale,46,0.0,0.0,0.0,0.0
proj_stand_density_scale,46,-0.09686957384723796,0.6220633586929337,1.3312208232589984,0.37857402963086656
tree_wood_dens_sp1,46,0.22636604401508748,0.41757669969931427,0.4889715540934473,0.09927925976632727
base_cover,46,0.09709964637780022,0.12156100137169182,0.26310254948284756,0.0832517678433424
base_fire_off,46,-0.024885313060658512,0.024885313060658512,0.08969221031413542,0.023475185917333715
base_fire_on,46,-0.03493285974000267,0.03493285974000267,0.00595614489564289,0.0018859905989436487
base_mortality,46,0.0,0.0,0.0,0.0
base_sf_n_delta,46,-0.1329016327182007,0.1329016327182007,0.013646164833617438,0.004551771405151846
base_thinning_delta,46,0.0,0.0,0.0,0.0
crop_base_left_delta,46,0.058410408845025866,0.05925446620596937,0.03559258465390444,0.011031829116074659
crop_base_yield_delta,46,-0.052412918866611494,0.05795155945702578,0.031660732548702636,0.005686134195172765
crop_carbon_above_sp3,46,0.014817588337465945,0.014981354705587143,0.008217210706424964,0.0025623103350152746
crop_carbon_below_sp3,46,0.02668713731354348,0.02668713731354348,0.011679317471058827,0.0036596598840594285
crop_intercept_sp3,46,-0.0003247457183797292,0.003240214800200228,0.00443755670823175,0.0009922204345348788
crop_nitrogen_above_sp3,46,-0.011008484110479494,0.011008484110479494,0.0041825212448840035,0.0012498817122695873
crop_nitrogen_below_sp3,46,-0.01608103543472082,0.01608103543472082,0.002230587608651595,0.0006893207916086472
crop_carbon_above_sp10,46,0.015244846940072627,0.015244846940072627,0.011339608224348147,0.0036164223178086702
crop_carbon_below_sp10,46,0.006243109625103818,0.006388411834964638,0.0055593652389948865,0.0017294718354622382
crop_intercept_sp10,46,0.0009475485243546882,0.0066343550725703835,0.007262304770094234,0.0009223319893176405
crop_nitrogen_above_sp10,46,-0.007081677975079137,0.007081677975079137,0.0014323384656656874,0.00043741116246513826
crop_nitrogen_below_sp10,46,-0.00445740724010568,0.00445740724010568,0.00145064152503726,0.0004333593057344975
crop_proj_left_delta,46,0.012604548035453318,0.017550938490177068,0.01640488245333325,0.003346159502415075
crop_proj_yield_delta,46,0.1691605010724231,0.17417947567191194,0.09034611565856679,0.022290181200411863
crop_root_in_top_30,46,0.01338215520485279,0.013970187247518834,0.016290503724898053,0.00498839164478747
crop_root_to_shoot_sp3,46,0.010148170347882164,0.010195480156575839,0.010717442422878962,0.003081306731897391
crop_slope_sp3,46,-0.004791322585855598,0.0057133741270991665,0.004198418942673447,0.0008258282365015777
crop_root_to_shoot_sp10,46,0.0029908461548594292,0.003938365241071003,0.006452939146108925,0.0018371985949131367
crop_slope_sp10,46,-0.006512498207165181,0.010317820678951818,0.010474502210923737,0.0019672464002462777
cy0_to_ceq_multiplier,46,-0.0005384918854581755,0.001103901914583949,0.0029541931286685185,0.0009355932560914751
litter_carbon,46,-0.008602577793360756,0.008602577793360756,0.006189697334677741,0.002000250854453751
litter_nitrogen,46,0.023840581492758084,0.023840581492758084,0.0026222280512940817,0.000724819217294867
mortality_fraction_branch_delta,46,0.004359859369451888,0.005109958694416225,0.003693260623732373,0.0007468765638010727
mortality_fraction_croot_delta,46,0.00015726885429727112,0.0027294379339243002,0.0052990296140129995,0.0013809528312835456
mortality_fraction_froot_delta,46,0.0003896374992746657,0.0013222011951945182,0.00197926769763734,0.0004879552396629885
mortality_fraction_leaf_delta,46,0.0005278101142012437,0.002057340749175296,0.0030744289116508444,0.0007013293886207375
mortality_fraction_stem_delta,46,-0.0006418257901662089,0.013454646126160477,0.023937805749227256,0.005657362952364812
pool_alloc_froot_sp1,46,0.030767274263861798,0.0475691882316329,0.04860650921095408,0.009952571915776436
pool_alloc_leaf_sp1,46,0.022228677524581568,0.08867969296524232,0.12708959650820723,0.026062266771865246
pool_alloc_stem_sp1,46,0.040894400009959773,0.28806584300480964,0.42072987697834446,0.09464260782342239
pool_turnover_branch_sp1,46,0.004975607799467233,0.16119290875945008,0.2409537212610612,0.04606231545724897
pool_turnover_croot_sp1,46,0.01549080412538526,0.07545691326629683,0.12414764385429361,0.031440628366978134
pool_turnover_froot_sp1,46,0.01667929002252347,0.037323548499156915,0.053035489752104696,0.01395436791061844
pool_turnover_leaf_sp1,46,0.025543751630598615,0.03366085784422983,0.0262642965577402,0.003757045113144586
pool_turnover_stem_sp1,46,2.2058485777620107,4.753236411575392,7.654851330617531,1.7768932245110882
proj_cover,46,-0.009342406966977362,0.21875899505047194,0.33949152926124676,0.07148749367900674
proj_fire_off,46,0.023394939539442477,0.023394939539442477,0.07196133832964137,0.023425700719687952
proj_fire_on,46,0.23996291477836618,0.23996291477836618,0.33970741316004677,0.11095980293200683
proj_mortality,46,0.47579314763615754,0.5567162154396964,1.4207815504074526,0.45125585566564286
proj_thinning_delta,46,3.692789700009237,5.310013459193286,8.699720340518484,2.2824281307662333
roth_c_cover_c,46,0.0005905905099144515,0.01032897330222753,0.021263183610747236,0.006097740098706779
roth_c_dpm_frac_crop,46,-0.0028128272844970314,0.0028128272844970314,0.0035611982216829444,0.001079681523265765
roth_c_dpm_frac_tree,46,-0.003909310260645284,0.009471310053530618,0.014658823495281744,0.0038968840034485325
roth_c_moisture_b_slope,46,0.08433452160520001,0.12013565959239114,0.29127178258335495,0.07850643145194017
roth_c_temp_a1,46,0.05562648472254641,0.19550967424548943,0.3874625741487664,0.09070363896580382
roth_c_temp_a2,46,0.04653430122515069,0.37197089472004635,0.5680048427236355,0.13893147768369624
thinning_fraction_branch_delta,46,0.012991000516921087,0.012991000516921087,0.008503373790848322,0.002814082480082974
thinning_fraction_croot_delta,46,0.0042737476479220715,0.0042737476479220715,0.0032039463305828957,0.0010237083974642374
thinning_fraction_froot_delta,46,0.0027929691618971617,0.0027929691618971617,0.0025683369020892493,0.0007153329198079972
thinning_fraction_leaf_delta,46,0.0039021534749172663,0.0039021534749172663,0.0031638862328075045,0.0009849170454901092
thinning_fraction_stem_delta,46,0.026360157268850447,0.026360157268850447,0.027253296201768078,0.008487624460567188
tree_carbon_sp1,46,-0.01833976008586074,0.5878493563282138,1.0250139687668702,0.2580424382666526
tree_nitrogen_branch_sp1,46,0.0007756398478632159,0.0007756398478632159,0.00091708569777716,0.0002544896103822744
tree_nitrogen_croot_sp1,46,0.000955793048272896,0.000955793048272896,0.0026308085021883427,0.0007907234501924236
tree_nitrogen_froot_sp1,46,0.021681992355846134,0.021681992355846134,0.03386289260665847,0.010628563284458185
tree_nitrogen_leaf_sp1,46,0.03810586755976399,0.03810586755976399,0.07139605318665594,0.020920893353765853
tree_nitrogen_stem_sp1,46,0.0017368992532441757,0.0017368992532441757,0.002088833407791501,0.000656788096046346
tree_root_in_top_30,46,0.006177339104762786,0.07667913758444053,0.129406241926965,0.032037054940712434
tree_root_to_shoot_sp1,46,-0.011554836182674787,0.058312359881763975,0.11955307221055729,0.029635534676120387
cy0,47,-0.02197459831379574,0.06795387393511572,0.10598141678435029,0.022418487779837817
clay,47,0.00312240150192538,0.025429525595911336,0.05651640306757698,0.014708982319753225
temp_ci_delta,47,0.04836265429047528,0.13845059103540047,0.29693431114309493,0.08290381965600825
rain_ci_delta,47,0.2909939374307621,0.7213502611331285,1.9959757762628199,0.49938256335210685
evap_ci_delta,47,0.037590830155752146,0.10783090019521424,0.2726454571109786,0.06572204621288787
ef_burn_crop_N2O_scale,47,-0.00526508862135788,0.0052803736479661275,0.003171542566111752,0.0007929160788464296
ef_burn_crop_CH4_scale,47,-0.019646628497269926,0.019668161301219542,0.011926626289819275,0.003358149983668367
ef_burn_tree_N2O_scale,47,0.004204810249816516,0.004204810249816516,0.008004147899069105,0.002402930614548167
ef_burn_tree_CH4_scale,47,0.01872420405182072,0.01872420405182072,0.030090843166181762,0.00917966183515014
ef_N_inputs,47,-0.08846790131413952,0.13089085934713268,0.119788768194299,0.022756137227507488
combustion_factor_crop,47,-0.023108582373568075,0.023134396611240594,0.015554308587243625,0.00456367282745151
combustion_factor_tree,47,0.026177536867173522,0.026177536867173522,0.04655574610190289,0.014007167953086732
volatile_frac_organic_fertiliser,47,-0.002875425650973801,0.002875425650973801,0.00030556244209788965,8.22033291337612e-05
volatile_frac_synthetic_fertiliser,47,0.01629739688896309,0.01629739688896309,0.0016405654386364185,0.0005054828205225552
base_sf_qty_scale,47,-0.12981374696526465,0.12981374696526465,0.011684697112334287,0.003828718301943683
proj_lit_qty_scale,47,0.017292761661347418,0.0185259797617224,0.010372443029029154,0.0023006232863179306
base_stand_density_scale,47,0.0,0.0,0.0,0.0
proj_stand_density_scale,47,0.23654699755268216,0.785912935216564,1.7516836665607203,0.4795584447328621
tree_wood_dens_sp1,47,0.22636542804897125,0.4037491581494428,0.4581802824909462,0.08655593323748123
base_cover,47,0.09512512475666449,0.11985940932657349,0.26001526116583845,0.08218854904952655
base_fire_off,47,-0.024885313060658512,0.024885313060658512,0.0896922103141354,0.023475185917333715
base_fire_on,47,-0.03493285974000261,0.03493285974000261,0.005956144895642888,0.0018859905989436316
base_mortality,47,0.0,0.0,0.0,0.0
base_sf_n_delta,47,-0.13290163271820057,0.13290163271820057,0.013646164833617361,0.004551771405151823
base_thinning_delta,47,0.0,0.0,0.0,0.0
crop_base_left_delta,47,0.0571810335061398,0.05808110327147481,0.03546802028864501,0.010981930774875255
crop_base_yield_delta,47,-0.05413971274562638,0.059208465019975884,0.031204199373423933,0.0057880231435394735
crop_carbon_above_sp3,47,0.01420185331221106,0.01439526587705921,0.00800736133379875,0.0024700329610571614
crop_carbon_below_sp3,47,0.025638405041808136,0.025638405041808136,0.01155156609095032,0.003616532970979449
crop_intercept_sp3,47,-0.0006372510813071302,0.003292214194474416,0.004402657951623111,0.0009655177642624085
crop_nitrogen_above_sp3,47,-0.011008484110479635,0.011008484110479635,0.004182521244883763,0.0012498817122694765
crop_nitrogen_below_sp3,47,-0.0160810354347208,0.0160810354347208,0.002230587608651658,0.0006893207916086799
crop_carbon_above_sp10,47,0.014754293418340728,0.014754293418340728,0.011234362606940447,0.00358483926272425
crop_carbon_below_sp10,47,0.006042531314173609,0.00619620261309463,0.005519016522088237,0.0017125706335821013
crop_intercept_sp10,47,0.0007897161728650098,0.0066464609356699815,0.007282848728091368,0.000920992738619809
crop_nitrogen_above_sp10,47,-0.007081677975079079,0.007081677975079079,0.0014323384656656237,0.0004374111624651093
crop_nitrogen_below_sp10,47,-0.004457407240105689,0.004457407240105689,0.001450641525037169,0.00043335930573446863
crop_proj_left_delta,47,0.011939710483259144,0.016920672681824882,0.015964222583413724,0.0032079961284899056
crop_proj_yield_delta,47,0.17488799477463585,0.17852517529991022,0.08944412632856152,0.02264668435266068
crop_root_in_top_30,47,0.012150870614121168,0.01326961063244803,0.016183392816529966,0.004833105658891878
crop_root_to_shoot_sp3,47,0.009144509173118412,0.009365516502425023,0.010686284675234069,0.0030424200362911148
crop_slope_sp3,47,-0.00516873478884716,0.006018622176808555,0.004191766189704245,0.000842317834121935
crop_root_to_shoot_sp10,47,0.0027839785945767276,0.0038735452086835183,0.006437889644540111,0.0018148302566403712
crop_slope_sp10,47,-0.006948372942433901,0.010549506153363149,0.010434346700145196,0.0019568154814902155
cy0_to_ceq_multiplier,47,-0.0005423191966014915,0.0011746881344571179,0.003195812141960668,0.0010141426804087632
litter_carbon,47,-0.00831655384622471,0.00831655384622471,0.006164470899473937,0.0019939241486924865
litter_nitrogen,47,0.023840581492758146,0.023840581492758146,0.002622228051294002,0.0007248192172948494
mortality_fraction_branch_delta,47,0.004450933010239619,0.005170019236759957,0.003590702881596001,0.000717784815404256
mortality_fraction_croot_delta,47,0.00022208270417675008,0.00271018940349904,0.005144623239275719,0.0013250377141510864
mortality_fraction_froot_delta,47,0.0003933623571355821,0.0012906588193218633,0.001894965002593852,0.0004609442239645685
mortality_fraction_leaf_delta,47,0.000578646068420273,0.0020336520304840553,0.0029483446526779185,0.0006561954375719116
mortality_fraction_stem_delta,47,-0.00015630865793246905,0.013239924761416211,0.023312953176572306,0.005442396433981352
pool_alloc_froot_sp1,47,0.03087597906035135,0.04654721702684088,0.046142682272074555,0.009210637241852471
pool_alloc_leaf_sp1,47,0.024397834755754744,0.08680514490751177,0.12067676005639992,0.02414668419089297
pool_alloc_stem_sp1,47,0.016979140630235142,0.271815157908356,0.3948834799662779,0.08383233596155894
pool_turnover_branch_sp1,47,-0.0007489554233833628,0.1577905883378862,0.24246137694282455,0.04823535697267293
pool_turnover_croot_sp1,47,0.010847100754765162,0.07648194383066391,0.12438033002275341,0.030906251933925037
pool_turnover_froot_sp1,47,0.017911991702279247,0.03844196206251555,0.05316085744863778,0.013915432224154155
pool_turnover_leaf_sp1,47,0.025090046962472502,0.032839798890813704,0.025612152500890384,0.004061846544221476
pool_turnover_stem_sp1,47,1.6814680693308,4.684254663603009,7.234339626459504,1.602997722764962
proj_cover,47,-0.020821323089788613,0.21443096243886708,0.33752609683452456,0.07134272730099732
proj_fire_off,47,0.023394939539442446,0.023394939539442446,0.07196133832964127,0.02342570071968792
proj_fire_on,47,0.23786668852254214,0.23786668852254214,0.34222056979969906,0.11182078194443222
proj_mortality,47,0.8098023537866638,0.9023537109534461,2.0542982704977883,0.6214103864274186
proj_thinning_delta,47,3.7934188486350444,5.312806629331135,8.638825783533369,2.3616488659943307
roth_c_cover_c,47,0.0006418304244664066,0.01022642618306767,0.02123036314774317,0.006103915355808667
roth_c_dpm_frac_crop,47,-0.0025979369505777297,0.0025979369505777297,0.003134729569756829,0.0009478078864883221
roth_c_dpm_frac_tree,47,-0.003975452437283204,0.009170767504638163,0.013793190680661498,0.0037432282097974705
roth_c_moisture_b_slope,47,0.07940052466711287,0.11692803745913845,0.2784108005927006,0.07456541868177542
roth_c_temp_a1,47,0.05378165516764708,0.19693978611428115,0.3911861474764819,0.0914264882592455
roth_c_temp_a2,47,0.05390549150921804,0.37214380309406175,0.5621346954703036,0.13762918448777306
thinning_fraction_branch_delta,47,0.012205828312656644,0.012205828312656644,0.007748249673834575,0.0025560811964393045
thinning_fraction_croot_delta,47,0.004259622569346824,0.004259622569346824,0.0035162705302046776,0.001092629151290448
thinning_fraction_froot_delta,47,0.0027194088554328075,0.0027194088554328075,0.0025614504310255515,0.0007081573107359481
thinning_fraction_leaf_delta,47,0.003703608132135515,0.003703608132135515,0.003063520142737971,0.0009531997129770928
thinning_fraction_stem_delta,47,0.025929000949732058,0.025929000949732058,0.027516657560616435,0.008268329764205723
tree_carbon_sp1,47,-0.03299812710832984,0.5329774157022206,0.939601488140061,0.2358140251225368
tree_nitrogen_branch_sp1,47,0.0007650890417528241,0.0007650890417528241,0.0009219303244519339,0.00025569409601312724
tree_nitrogen_croot_sp1,47,0.0009556264888105528,0.0009556264888105528,0.002656013140846168,0.0007984512295299857
tree_nitrogen_froot_sp1,47,0.0216245781594444,0.0216245781594444,0.03417367666053082,0.010718397724028394
tree_nitrogen_leaf_sp1,47,0.03803029535869056,0.03803029535869056,0.07209109037370365,0.0211245532734881
tree_nitrogen_stem_sp1,47,0.0017197774132870574,0.0017197774132870574,0.0021107000113566514,0.000663223360284664
tree_root_in_top_30,47,0.007964554475304923,0.07519452081475315,0.12415298374275599,0.030187396628177553
tree_root_to_shoot_sp1,47,-0.01021734512871022,0.054904442511889175,0.11101262194020549,0.02734368828056545
cy0,48,-0.02162602497588193,0.06851694459296478,0.10793566944939728,0.023009154148720096
clay,48,0.002362882293556759,0.025422758552319714,0.05522578005418687,0.014122698840901057
temp_ci_delta,48,0.04638873707561267,0.13753111898410447,0.2939082401552924,0.08187540299331499
rain_ci_delta,48,0.3003819507831162,0.723303092180778,1.9975520706182328,0.49972302738944013
evap_ci_delta,48,0.03295336569501084,0.10328279458277098,0.26834162777907505,0.06514968000872529
ef_burn_crop_N2O_scale,48,-0.005265088621357943,0.005280373647966073,0.0031715425661116934,0.0007929160788464729
ef_burn_crop_CH4_scale,48,-0.01964662849726986,0.019668161301219476,0.011926626289819222,0.0033581499836683563
ef_burn_tree_N2O_scale,48,0.004168316305969923,0.004168316305969923,0.008061901769075612,0.0024241223454982254
ef_burn_tree_CH4_scale,48,0.0186377647527212,0.0186377647527212,0.03033000348515727,0.009262013904593103
ef_N_inputs,48,-0.08874429141690354,0.13142777531322722,0.12055165046771499,0.022938263064366915
combustion_factor_crop,48,-0.023108582373568193,0.02313439661124069,0.015554308587243697,0.004563672827451538
combustion_factor_tree,48,0.026081527487365662,0.026081527487365662,0.04697181199208006,0.014132312823889654
volatile_frac_organic_fertiliser,48,-0.0028754256509737675,0.0028754256509737675,0.0003055624420979234,8.220332913376385e-05
volatile_frac_synthetic_fertiliser,48,0.016297396888962985,0.016297396888962985,0.0016405654386363914,0.0005054828205225539
base_sf_qty_scale,48,-0.12981374696526443,0.12981374696526443,0.011684697112334433,0.0038287183019437496
proj_lit_qty_scale,48,0.017576494279486394,0.018726015683004388,0.01033556574219521,0.002339569798931914
base_stand_density_scale,48,0.0,0.0,0.0,0.0
proj_stand_density_scale,48,0.36174968038084915,0.546980743320889,1.1748729819189376,0.34554752532874555
tree_wood_dens_sp1,48,0.22728934537343076,0.3901492521673358,0.43353942093967085,0.08740519774026889
base_cover,48,0.09323632763049775,0.11817237829046294,0.2570215591034125,0.08116646936185366
base_fire_off,48,-0.024885313060658505,0.024885313060658505,0.08969221031413538,0.023475185917333708
base_fire_on,48,-0.03493285974000267,0.03493285974000267,0.005956144895642857,0.001885990598943622
base_mortality,48,0.0,0.0,0.0,0.0
base_sf_n_delta,48,-0.13290163271820066,0.13290163271820066,0.01364616483361746,0.00455177140515186
base_thinning_delta,48,0.0,0.0,0.0,0.0
crop_base_left_delta,48,0.05599836090703495,0.05695213392776174,0.03533654463560116,0.010930841433957452
crop_base_yield_delta,48,-0.05579714749414031,0.06040927590531908,0.03075600694615044,0.0059112039484752075
crop_carbon_above_sp3,48,0.01362333425708936,0.013843787962193354,0.00782302903483102,0.0023886205443709317
crop_carbon_below_sp3,48,0.024646196716891163,0.024646196716891163,0.011437908365756843,0.003577967924685192
crop_intercept_sp3,48,-0.0009302170400356038,0.0033779746452732087,0.004398781177268894,0.0009511818144438743
crop_nitrogen_above_sp3,48,-0.011008484110479893,0.011008484110479893,0.004182521244883918,0.0012498817122694808
crop_nitrogen_below_sp3,48,-0.016081035434720843,0.016081035434720843,0.0022305876086516157,0.0006893207916086567
crop_carbon_above_sp10,48,0.014283395297768758,0.014283395297768758,0.011130810398052195,0.003553727928390529
crop_carbon_below_sp10,48,0.005850120707273315,0.0060115540851363005,0.005479546681876161,0.001696409076647978
crop_intercept_sp10,48,0.0006387717307797802,0.0066582517292093305,0.007302381251319147,0.0009218381719713611
crop_nitrogen_above_sp10,48,-0.007081677975079054,0.007081677975079054,0.0014323384656657772,0.0004374111624651786
crop_nitrogen_below_sp10,48,-0.0044574072401056385,0.0044574072401056385,0.0014506415250371803,0.0004333593057344762
crop_proj_left_delta,48,0.01131826217020555,0.016324215496434924,0.015546824246846615,0.0030810838206286146
crop_proj_yield_delta,48,0.1802936109980418,0.18268546735611088,0.08871293868069868,0.023028481536580905
crop_root_in_top_30,48,0.010980513334454154,0.012604294198119325,0.016085355269413383,0.004703866410295936
crop_root_to_shoot_sp3,48,0.00818856621081431,0.008691323707687562,0.010652453523241288,0.002980513600029082
crop_slope_sp3,48,-0.005529641299277241,0.0063380014476748766,0.004184550691958102,0.0008372728459374026
crop_root_to_shoot_sp10,48,0.0025849091021855316,0.0038176187225524767,0.006421559577252444,0.0017944097116496095
crop_slope_sp10,48,-0.007366843363701432,0.010771288013053272,0.010395302852542988,0.001954965474777898
cy0_to_ceq_multiplier,48,-0.0005460790163411125,0.001239477276135749,0.00343476021512029,0.0010926226442260596
litter_carbon,48,-0.008041865428595623,0.008041865428595623,0.006137774224143936,0.0019870522959638233
litter_nitrogen,48,0.023840581492758132,0.023840581492758132,0.0026222280512940774,0.0007248192172948553
mortality_fraction_branch_delta,48,0.004532495896716696,0.005216857630741365,0.0034976465970354646,0.0006961497217097079
mortality_fraction_croot_delta,48,0.00028172491974601114,0.0026775720395716004,0.004972993794480597,0.001274895963254006
mortality_fraction_froot_delta,48,0.00040195048681377634,0.0012599618294961284,0.0018060898829068762,0.00043185573936415804
mortality_fraction_leaf_delta,48,0.0005858479204141301,0.001958783827957457,0.0027929944051926607,0.0006201168028401405
mortality_fraction_stem_delta,48,0.0003346104943201617,0.0129763894361667,0.02260177636912474,0.0052271118038333736
pool_alloc_froot_sp1,48,0.03125409506596123,0.045723092056998885,0.04352665417259947,0.008695994970669772
pool_alloc_leaf_sp1,48,0.02599163385774419,0.08406028938037212,0.11352996099730471,0.022390921035993504
pool_alloc_stem_sp1,48,0.057003503210937244,0.29067658691464987,0.4236657984621469,0.09495323862843286
pool_turnover_branch_sp1,48,-0.008698477751636258,0.15638312549116984,0.24808390262276078,0.050165542108928714
pool_turnover_croot_sp1,48,0.016311493843625458,0.07872731841360117,0.1247380283607241,0.03071570548195999
pool_turnover_froot_sp1,48,0.017995846139566354,0.038232172539789014,0.052386132331026236,0.013397706092159735
pool_turnover_leaf_sp1,48,0.024808699759195266,0.03223254782630301,0.02537383077632501,0.004077643431507991
pool_turnover_stem_sp1,48,1.718065975123644,4.107871155605213,6.4311079426726385,1.438189277255795
proj_cover,48,-0.027245032586255775,0.21127028159098296,0.3378254869637918,0.07185954494201492
proj_fire_off,48,0.02339493953944246,0.02339493953944246,0.07196133832964131,0.02342570071968794
proj_fire_on,48,0.23605418512882825,0.23605418512882825,0.34403521995072067,0.11243978243015364
proj_mortality,48,0.06654350824594887,0.9015077387373047,2.1941424544349193,0.6180125163884179
proj_thinning_delta,48,3.2953233313295236,4.883563592205118,8.062238783181186,2.1285653784709435
roth_c_cover_c,48,0.0006529709167259423,0.010071178724346952,0.021051666495702736,0.0060627850859918475
roth_c_dpm_frac_crop,48,-0.0024124553745187736,0.0024124553745187736,0.002783163074435489,0.0008405699528286674
roth_c_dpm_frac_tree,48,-0.004154631889046132,0.008940534561777133,0.012913586522107844,0.0033903277194736537
roth_c_moisture_b_slope,48,0.07481249800705272,0.11362838620660627,0.2656559263927178,0.07068193851105073
roth_c_temp_a1,48,0.050009292590809315,0.19875242974170737,0.391917642778935,0.09110938732561503
roth_c_temp_a2,48,0.06676344052226821,0.37584043871162487,0.5560593335862317,0.1353098378415651
thinning_fraction_branch_delta,48,0.011376683610965338,0.011376683610965338,0.006939410427492924,0.0022884693397919715
thinning_fraction_croot_delta,48,0.004097762535077055,0.004097762535077055,0.00335603994004393,0.0011019038458789131
thinning_fraction_froot_delta,48,0.0024936813500928455,0.0024936813500928455,0.002195910909988755,0.0005984677613331103
thinning_fraction_leaf_delta,48,0.003820096496051191,0.003820096496051191,0.0035732210984647335,0.0011004498654695251
thinning_fraction_stem_delta,48,0.02603033754717638,0.02603033754717638,0.02787091745474164,0.00827884032131285
tree_carbon_sp1,48,0.0022554475409278713,0.5262634049804218,0.8948030845822933,0.22053493780477293
tree_nitrogen_branch_sp1,48,0.0007535449083079127,0.0007535449083079127,0.0009269504250245691,0.0002570863507436446
tree_nitrogen_croot_sp1,48,0.000956288987172281,0.000956288987172281,0.0026770361848963077,0.0008049051804871741
tree_nitrogen_froot_sp1,48,0.021524827840839318,0.021524827840839318,0.0344740487096344,0.010810108953974221
tree_nitrogen_leaf_sp1,48,0.037890167720461124,0.037890167720461124,0.0727120754089586,0.021323264042725353
tree_nitrogen_stem_sp1,48,0.0017015957978574233,0.0017015957978574233,0.0021319529951769416,0.0006694822081001179
tree_root_in_top_30,48,0.009609272857848145,0.07327966702327483,0.11812548330642986,0.028524645733622192
tree_root_to_shoot_sp1,48,-0.0029128058661111096,0.05725165525196598,0.10783972242444842,0.026013181285407243
cy0,49,-0.021272906981572474,0.06895521277385552,0.11034872021609009,0.023801152284686943
clay,49,0.0017674121301225019,0.025240328367744848,0.05395531390195733,0.013612397877172087
temp_ci_delta,49,0.04317833443937989,0.13714757452860854,0.2902704006657939,0.08050548515335573
rain_ci_delta,49,0.30530129345581847,0.7217002493045799,1.9876819916919495,0.4975355271002825
evap_ci_delta,49,0.02951024408653167,0.0990731862283611,0.2634147211529827,0.06450462407614584
ef_burn_crop_N2O_scale,49,-0.00526508862135783,0.00528037364796601,0.0031715425661117524,0.0007929160788464764
ef_burn_crop_CH4_scale,49,-0.0196466284972699,0.019668161301219518,0.011926626289819263,0.0033581499836683954
ef_burn_tree_N2O_scale,49,0.004150792171876268,0.004150792171876268,0.008104602434946592,0.0024349975503750705
ef_burn_tree_CH4_scale,49,0.01852123373562671,0.01852123373562671,0.030546443077824514,0.009333238268875573
ef_N_inputs,49,-0.08895797125102936,0.13180702659175095,0.12110166438598056,0.023080178921032386
combustion_factor_crop,49,-0.023108582373568092,0.023134396611240594,0.015554308587243609,0.004563672827451513
combustion_factor_tree,49,0.02594908134315326,0.02594908134315326,0.047356465593060434,0.014250828003213754
volatile_frac_organic_fertiliser,49,-0.0028754256509736674,0.0028754256509736674,0.0003055624420979404,8.220332913376481e-05
volatile_frac_synthetic_fertiliser,49,0.016297396888963044,0.016297396888963044,0.0016405654386364486,0.0005054828205225678
base_sf_qty_scale,49,-0.1298137469652645,0.1298137469652645,0.011684697112334445,0.0038287183019437556
proj_lit_qty_scale,49,0.01784967028086106,0.0189191550397095,0.010296914094199703,0.0023766882645818036
base_stand_density_scale,49,0.0,0.0,0.0,0.0
proj_stand_density_scale,49,0.1978166061028383,0.36297187897780103,0.38414029845601966,0.08137773695120715
tree_wood_dens_sp1,49,0.2097903335040002,0.3575578785154814,0.3886562212435363,0.07756336588487067
base_cover,49,0.09142852843685974,0.11650112360042346,0.2541153321172848,0.0801827104473283
base_fire_off,49,-0.024885313060658505,0.024885313060658505,0.08969221031413538,0.023475185917333708
base_fire_on,49,-0.034932859740002584,0.034932859740002584,0.005956144895642876,0.0018859905989436535
base_mortality,49,0.0,0.0,0.0,0.0
base_sf_n_delta,49,-0.13290163271820066,0.13290163271820066,0.013646164833617445,0.004551771405151847
base_thinning_delta,49,0.0,0.0,0.0,0.0
crop_base_left_delta,49,0.05486103994200388,0.05586605464131676,0.03519788225231464,0.010878467748496646
crop_base_yield_delta,49,-0.05738810164026768,0.061556277514473526,0.03031556630830728,0.0060519864935887555
crop_carbon_above_sp3,49,0.013077957665487408,0.01332310562472889,0.007659791703183877,0.0023163919166027287
crop_carbon_below_sp3,49,0.023706237099977812,0.023706237099977812,0.011334894584666685,0.003542880181243839
crop_intercept_sp3,49,-0.001206017484560802,0.003468778448362954,0.004419062597498597,0.0009549177331499764
crop_nitrogen_above_sp3,49,-0.01100848411047967,0.01100848411047967,0.00418252124488397,0.001249881712269548
crop_nitrogen_below_sp3,49,-0.016081035434720732,0.016081035434720732,0.002230587608651663,0.0006893207916086857
crop_carbon_above_sp10,49,0.013831530748198905,0.013831530748198905,0.011028418437771728,0.003523147247182422
crop_carbon_below_sp10,49,0.005665640165044313,0.005834480561111651,0.00544067919781685,0.0016807060247726142
crop_intercept_sp10,49,0.0004939497295601697,0.006669521041122564,0.007321012906603037,0.0009247650086424206
crop_nitrogen_above_sp10,49,-0.007081677975079128,0.007081677975079128,0.0014323384656657612,0.00043741116246517257
crop_nitrogen_below_sp10,49,-0.004457407240105809,0.004457407240105809,0.0014506415250371172,0.0004333593057344415
crop_proj_left_delta,49,0.01073553132821033,0.01575856983708935,0.01515043034333269,0.002964052150732099
crop_proj_yield_delta,49,0.18540922000572793,0.18686631428288783,0.08811742973750519,0.023318420877711507
crop_root_in_top_30,49,0.009866463334931208,0.011965187142698753,0.01599372452110689,0.004598105889288757
crop_root_to_shoot_sp3,49,0.007277218025404408,0.00820181734411624,0.010615255646214166,0.002881815283506896
crop_slope_sp3,49,-0.005874557454082607,0.006650505754230013,0.004176814009619969,0.0008259333330177975
crop_root_to_shoot_sp10,49,0.002393143352659129,0.003765113493466539,0.006404042611388468,0.0017759586176507986
crop_slope_sp10,49,-0.007768479027867016,0.011000086611358043,0.010357881025397213,0.001955268535784909
cy0_to_ceq_multiplier,49,-0.0005493534977619452,0.0012984509794824683,0.0036665450722103993,0.0011693174741737543
litter_carbon,49,-0.007778044724106231,0.007778044724106231,0.006109693224022655,0.001979683540373578
litter_nitrogen,49,0.023840581492758063,0.023840581492758063,0.0026222280512940206,0.0007248192172948408
mortality_fraction_branch_delta,49,0.00448644242962688,0.005132844867739616,0.0034494830499500685,0.0007075823606774131
mortality_fraction_croot_delta,49,0.0002767574208484627,0.0025732787864844466,0.004762664952446766,0.0012212560464328675
mortality_fraction_froot_delta,49,0.000456391989820934,0.0012716209691735563,0.0017359411857867635,0.0004066439797450322
mortality_fraction_leaf_delta,49,0.0006547207444693697,0.0019391028560264505,0.0026635108623191215,0.0005841356409550588
mortality_fraction_stem_delta,49,0.000347873010959894,0.012189837984402364,0.02155496130842898,0.005047292204351957
pool_alloc_froot_sp1,49,0.031505539973110994,0.04470964508723737,0.04096524849557438,0.008086497500052206
pool_alloc_leaf_sp1,49,0.02607772432726082,0.07955718367526951,0.10535605650040057,0.020495726439871936
pool_alloc_stem_sp1,49,0.027748868378715968,0.25361767363964244,0.38627207276394726,0.0877214368886767
pool_turnover_branch_sp1,49,-0.0188494880946179,0.15720909685911832,0.2550297517848577,0.052892982332101025
pool_turnover_croot_sp1,49,0.020741389155376704,0.07846417807733724,0.12344441711171565,0.030896470962262574
pool_turnover_froot_sp1,49,0.019193657561129552,0.03786087154851482,0.051021876744416675,0.013255103612209732
pool_turnover_leaf_sp1,49,0.02806833560561634,0.03363017406477317,0.023771155826252343,0.004293341975787812
pool_turnover_stem_sp1,49,1.41175978961936,3.863515439074824,5.933876403554283,1.300588146649999
proj_cover,49,-0.03127253375825211,0.2074302171540187,0.33881141876440235,0.07267242225974638
proj_fire_off,49,0.023394939539442446,0.023394939539442446,0.07196133832964127,0.02342570071968792
proj_fire_on,49,0.23430306658325772,0.23430306658325772,0.3452972725456759,0.11283655056196593
proj_mortality,49,0.40754318158159625,0.5407805912725349,1.3552906840259942,0.4260110220107822
proj_thinning_delta,49,2.7087111325621542,4.377830376567273,6.941301047934955,1.7436722497403323
roth_c_cover_c,49,0.0006397755486699741,0.010002575955032077,0.020798832232727684,0.006020458865195512
roth_c_dpm_frac_crop,49,-0.0022511446673973865,0.0022511446673973865,0.0024932062880818153,0.0007534424756595336
roth_c_dpm_frac_tree,49,-0.0037680779123422533,0.008120452748605473,0.011935208314844632,0.003149429358818807
roth_c_moisture_b_slope,49,0.0705326625456504,0.1102577753335416,0.253291220662234,0.06691966345069456
roth_c_temp_a1,49,0.04423066964851896,0.20158362364113103,0.3907539229563536,0.08958534558213384
roth_c_temp_a2,49,0.0823564799102154,0.38120104865742543,0.5504985812910729,0.13351212524342188
thinning_fraction_branch_delta,49,0.010851851773826162,0.010851851773826162,0.006626756816879546,0.0021439417030842023
thinning_fraction_croot_delta,49,0.003796222004636263,0.003796222004636263,0.0029845322447256124,0.0009778127145757874
thinning_fraction_froot_delta,49,0.0023160817034547573,0.0023160817034547573,0.0019718912040274546,0.0005275665436368314
thinning_fraction_leaf_delta,49,0.0036976406576137155,0.0036976406576137155,0.0036898545773074933,0.0011176823133306622
thinning_fraction_stem_delta,49,0.02350984664785836,0.02350984664785836,0.023275010214379402,0.006939481760014907
tree_carbon_sp1,49,-0.006481477927437793,0.4743440367139371,0.8031487616935974,0.19853213129487388
tree_nitrogen_branch_sp1,49,0.000742337208292454,0.000742337208292454,0.0009310422144428728,0.0002587466792470298
tree_nitrogen_croot_sp1,49,0.0009550855601982919,0.0009550855601982919,0.002694821691849268,0.0008104873138844475
tree_nitrogen_froot_sp1,49,0.02148812954166395,0.02148812954166395,0.034698272194970896,0.01087622352818231
tree_nitrogen_leaf_sp1,49,0.037845476282135984,0.037845476282135984,0.07317635085483876,0.021455175401349773
tree_nitrogen_stem_sp1,49,0.0016838144944139155,0.0016838144944139155,0.002151360985934038,0.0006749648054224978
tree_root_in_top_30,49,0.009652308540557495,0.06952024476358534,0.11092769180618739,0.026628093866045602
tree_root_to_shoot_sp1,49,-0.006974909164281595,0.04808499503341377,0.09359657208085086,0.023003773921796526
cy0,50,-0.020916084761458266,0.06927698840739724,0.11309474159878422,0.024738780301359436
clay,50,0.0013085326119518723,0.024906665408105023,0.05265129039044552,0.013144274998861484
temp_ci_delta,50,0.04098750422225863,0.13543471266667864,0.28532423716807326,0.07883447571083789
rain_ci_delta,50,0.3066231577164326,0.7172723286306756,1.9689052506082885,0.49336245101699405
evap_ci_delta,50,0.027030487428480233,0.09524387916186947,0.2582077995139035,0.06379194593998763
ef_burn_crop_N2O_scale,50,-0.005265088621357913,0.005280373647966061,0.00317154256611171,0.0007929160788464692
ef_burn_crop_CH4_scale,50,-0.01964662849727,0.019668161301219615,0.011926626289819222,0.0033581499836683815
ef_burn_tree_N2O_scale,50,0.004131795385046036,0.004131795385046036,0.008138947128939143,0.00244343816551438
ef_burn_tree_CH4_scale,50,0.018456954715314753,0.018456954715314753,0.030702215048511113,0.00939222244633498
ef_N_inputs,50,-0.08921449420104326,0.13213633484115023,0.1214832685488226,0.02318309105547973
combustion_factor_crop,50,-0.023108582373568085,0.0231343966112406,0.015554308587243656,0.004563672827451526
combustion_factor_tree,50,0.025881351202970027,0.025881351202970027,0.04766470902578958,0.014356032391512305
volatile_frac_organic_fertiliser,50,-0.0028754256509736925,0.0028754256509736925,0.0003055624420979473,8.220332913377104e-05
volatile_frac_synthetic_fertiliser,50,0.016297396888962926,0.016297396888962926,0.0016405654386363717,0.0005054828205225485
base_sf_qty_scale,50,-0.1298137469652646,0.1298137469652646,0.011684697112334387,0.003828718301943719
proj_lit_qty_scale,50,0.018112713943500003,0.019116587509209648,0.01025652827043465,0.0024019093099755225
base_stand_density_scale,50,0.0,0.0,0.0,0.0
proj_stand_density_scale,50,0.192558157267445,0.3375666854132171,0.3450800736991863,0.07070116937358843
tree_wood_dens_sp1,50,0.21166256238959774,0.34386679719404506,0.3666710511668864,0.07397539714032869
base_cover,50,0.089696627624264,0.11485019971269975,0.25129037271455223,0.07923438851338217
base_fire_off,50,-0.024885313060658495,0.024885313060658495,0.08969221031413534,0.023475185917333698
base_fire_on,50,-0.03493285974000272,0.03493285974000272,0.0059561448956427865,0.0018859905989435865
base_mortality,50,0.0,0.0,0.0,0.0
base_sf_n_delta,50,-0.13290163271820074,0.13290163271820074,0.013646164833617363,0.004551771405151824
base_thinning_delta,50,0.0,0.0,0.0,0.0
crop_base_left_delta,50,0.05376664806818267,0.05482090486486403,0.03505278980877428,0.0108247580763664
crop_base_yield_delta,50,-0.05891535598303175,0.0626519363125551,0.029883292655568494,0.006207111781182412
crop_carbon_above_sp3,50,0.012562648445844371,0.012830317187666538,0.0075129180192617055,0.0022517915096743548
crop_carbon_below_sp3,50,0.022814453475361422,0.022814453475361422,0.011240014083079862,0.0035105061337770884
crop_intercept_sp3,50,-0.0014659738038232506,0.0035579959197090645,0.004458313400165164,0.000973535277623674
crop_nitrogen_above_sp3,50,-0.011008484110479682,0.011008484110479682,0.0041825212448839315,0.0012498817122695532
crop_nitrogen_below_sp3,50,-0.016081035434720763,0.016081035434720763,0.002230587608651712,0.000689320791608705
crop_carbon_above_sp10,50,0.013397376179010895,0.013397376179010895,0.010927585606114107,0.003492928984355269
crop_carbon_below_sp10,50,0.005488393929343881,0.005664010195568246,0.005402568123246537,0.0016656475152910786
crop_intercept_sp10,50,0.0003556978750639525,0.0066805994522899995,0.007338693825664138,0.0009292060447963602
crop_nitrogen_above_sp10,50,-0.00708167797507907,0.00708167797507907,0.0014323384656657848,0.0004374111624651758
crop_nitrogen_below_sp10,50,-0.004457407240105631,0.004457407240105631,0.0014506415250371432,0.0004333593057344651
crop_proj_left_delta,50,0.01018767328684321,0.015221292924520378,0.014773315793902148,0.0028558342320424692
crop_proj_yield_delta,50,0.19026025395797547,0.19104920698946143,0.08762877139415179,0.023518440722748196
crop_root_in_top_30,50,0.00880410871905028,0.011480068273256096,0.01590627599393661,0.004484405957791172
crop_root_to_shoot_sp3,50,0.006407267353599512,0.007804294331078139,0.010574778647372628,0.0027805257441331447
crop_slope_sp3,50,-0.0062053350911645076,0.006949860244041453,0.004168586496951637,0.0008167989443582139
crop_root_to_shoot_sp10,50,0.0022087690818915736,0.0037234564088142103,0.006385191636685449,0.001756717591745563
crop_slope_sp10,50,-0.008154462365301932,0.011232218861430979,0.010321541169958245,0.0019579521695289722
cy0_to_ceq_multiplier,50,-0.0005524976872507386,0.001352187127191265,0.003888747326489542,0.0012432568013621345
litter_carbon,50,-0.007524639658642264,0.007524639658642264,0.006080253805716933,0.0019718153336184805
litter_nitrogen,50,0.023840581492758008,0.023840581492758008,0.0026222280512940297,0.0007248192172948564
mortality_fraction_branch_delta,50,0.004482515084493618,0.005088096636781328,0.0034178404061103954,0.0007235125891881344
mortality_fraction_croot_delta,50,0.00029749225296181876,0.002488370273496922,0.004551553021369367,0.0011630243009688737
mortality_fraction_froot_delta,50,0.0004389113134098524,0.0012083135080027244,0.0016266156957266769,0.0003739224499870902
mortality_fraction_leaf_delta,50,0.0006543828743339253,0.0018446097396658478,0.0024866364900930815,0.000539868023534192
mortality_fraction_stem_delta,50,0.0005387295725976668,0.011542645709871168,0.02059483265624203,0.004852119925076003
pool_alloc_froot_sp1,50,0.03087125542153696,0.04275608285403726,0.03782744222891184,0.007292101515881504
pool_alloc_leaf_sp1,50,0.026955919760629443,0.0756293260203919,0.09734252148192896,0.018577818035406975
pool_alloc_stem_sp1,50,0.027753466441880554,0.2471750413000416,0.3838672283751204,0.08905738801367456
pool_turnover_branch_sp1,50,-0.028793595336800294,0.15806218125254878,0.2621882491387848,0.056001889172828154
pool_turnover_croot_sp1,50,0.019203883275795416,0.07578344928198488,0.12026764436032256,0.03017451328634623
pool_turnover_froot_sp1,50,0.01841522194460768,0.03671410097862116,0.04962557950975529,0.012820603410773675
pool_turnover_leaf_sp1,50,0.027408346961797874,0.03199333690033061,0.02178354064466718,0.004219496036482094
pool_turnover_stem_sp1,50,1.0845606600089739,3.633331578422356,5.481536508948135,1.1784465533894595
proj_cover,50,-0.033736326453134846,0.20277436645089858,0.33971225343607536,0.07350350192291397
proj_fire_off,50,0.02339493953944246,0.02339493953944246,0.07196133832964131,0.02342570071968794
proj_fire_on,50,0.2324673171364769,0.2324673171364769,0.34610808554856526,0.11308477106982386
proj_mortality,50,0.41409568477969455,0.5130394259009872,1.309048761494746,0.41416840417797635
proj_thinning_delta,50,2.3382133771527687,4.040056522341388,6.321304637235323,1.5502738287475646
roth_c_cover_c,50,0.0005989011921297041,0.009928120886747093,0.020513886268888018,0.005968443202715144
roth_c_dpm_frac_crop,50,-0.002109222427352468,0.002109222427352468,0.002254185082523021,0.0006827467169348781
roth_c_dpm_frac_tree,50,-0.0035537447315088983,0.0074585671179904665,0.011090707776602456,0.0029478698097222225
roth_c_moisture_b_slope,50,0.0664557049058224,0.10694125007548352,0.2415195836063305,0.06334795861303676
roth_c_temp_a1,50,0.03982498933643231,0.20209979237325357,0.3867872038087648,0.08772595196388579
roth_c_temp_a2,50,0.0919400593621274,0.37997876585349394,0.5414114343211562,0.13171507601151192
thinning_fraction_branch_delta,50,0.010138724366559625,0.010138724366559625,0.005955920365262769,0.0019105868636589314
thinning_fraction_croot_delta,50,0.0035885483095809134,0.0035885483095809134,0.0027934318494041996,0.000912744771509897
thinning_fraction_froot_delta,50,0.002177848873918789,0.002177848873918789,0.0018110878918890638,0.00047792167616800144
thinning_fraction_leaf_delta,50,0.0034216334154137202,0.0034216334154137202,0.0031866837584060524,0.0009764484785428667
thinning_fraction_stem_delta,50,0.021885200405948206,0.021885200405948206,0.020727515149494224,0.006197214260279613
tree_carbon_sp1,50,0.007687933432468116,0.4445506668521369,0.7336379471869898,0.17942638374776868
tree_nitrogen_branch_sp1,50,0.0007330341422472894,0.0007330341422472894,0.0009330337634070601,0.0002590635489210145
tree_nitrogen_croot_sp1,50,0.0009555934265116584,0.0009555934265116584,0.002708191874878282,0.0008143749430858285
tree_nitrogen_froot_sp1,50,0.0214408997985494,0.0214408997985494,0.0348922074207682,0.010932449758272855
tree_nitrogen_leaf_sp1,50,0.0377721914957946,0.0377721914957946,0.0735501944549668,0.02156140752661099
tree_nitrogen_stem_sp1,50,0.0016699864081301196,0.0016699864081301196,0.0021661872634017843,0.0006789994879282489
tree_root_in_top_30,50,0.010428274236573668,0.06628556782652753,0.10386384675595174,0.024663304026867904
tree_root_to_shoot_sp1,50,-0.005186354037639981,0.04467234039333215,0.08471890681466257,0.0206887404635329
cy0,total,-1.3539120114195462,11.80352366639807,25.651493874010473,6.557071749763604
clay,total,-2.4381652327296344,2.5317361618473924,6.535532661731951,1.9611098756026333
temp_ci_delta,total,9.144667619725752,9.144667619725752,11.04878809218066,3.5709047085370664
rain_ci_delta,total,50.625690610180584,72.74753538549558,157.54831744541386,42.47330956066105
evap_ci_delta,total,-9.518838847717907,15.080661666320077,34.72990772265571,8.671423825568981
ef_burn_crop_N2O_scale,total,-0.19713604760794037,0.2019543508538081,0.13225331446637886,0.03169868998283502
ef_burn_crop_CH4_scale,total,-0.7413217587046877,0.7496681025326166,0.497524198015338,0.13634347590659116
ef_burn_tree_N2O_scale,total,0.2990691896114093,0.2990691896114093,0.2960983981112018,0.0877462647864567
ef_burn_tree_CH4_scale,total,1.2108333259722808,1.2108333259722808,1.1113478562293237,0.3307777007663069
ef_N_inputs,total,-3.3071381316973785,4.507747229207465,3.7212365324089287,0.7217486849318766
combustion_factor_crop,total,-0.864583539430439,0.8867712853160901,0.6577616562307703,0.181078038379654
combustion_factor_tree,total,1.6572077298019419,1.6572077298019419,1.607766805788748,0.46949969774248906
volatile_frac_organic_fertiliser,total,-0.14377128254868174,0.14377128254868174,0.015278122104901624,0.004110166456690751
volatile_frac_synthetic_fertiliser,total,0.8148698444481646,0.8148698444481646,0.08202827193182789,0.02527414102613394
base_sf_qty_scale,total,-6.490687348263236,6.490687348263236,0.5842348556167107,0.19143591509718336
proj_lit_qty_scale,total,-0.22780554454258675,0.5206100522072853,0.7772326509554619,0.20255331951252473
base_stand_density_scale,total,0.0,0.0,0.0,0.0
proj_stand_density_scale,total,-28.024905375191604,28.036704189356037,41.84902770708807,14.231204928230534
tree_wood_dens_sp1,total,-23.105298765241606,23.130847249919704,37.077777124429765,11.512589757792325
base_cover,total,12.600604673071015,12.600604673071015,24.49664962387339,8.036501065626434
base_fire_off,total,-1.2442656530329248,1.2442656530329248,4.4846105157067635,1.1737592958666843
base_fire_on,total,-1.746642987000159,1.746642987000159,0.29780724478216714,0.09429952994718684
base_mortality,total,0.0,0.0,0.0,0.0
base_sf_n_delta,total,-6.645081635910026,6.645081635910026,0.6823082416808744,0.22758857025759338
base_thinning_delta,total,0.0,0.0,0.0,0.0
crop_base_left_delta,total,6.569330022251849,6.569330022251849,2.182196091075063,0.6792064885511406
crop_base_yield_delta,total,2.345667543777309,2.3796280369132177,2.661189402849403,0.8407475333100487
crop_carbon_above_sp3,total,0.639338124065784,0.6826422468140171,0.4614629748072513,0.1217205460766099
crop_carbon_below_sp3,total,1.4125814993578547,1.4125814993578547,0.713186363982366,0.21768136735207905
crop_intercept_sp3,total,0.07574574693773785,0.1769661111909187,0.254020067156979,0.06451997109423967
crop_nitrogen_above_sp3,total,-0.29418251918729726,0.29418251918729726,0.12813114249654395,0.03963820166609487
crop_nitrogen_below_sp3,total,-0.4974353411799057,0.4974353411799057,0.07289807588210306,0.02275745641970963
crop_carbon_above_sp10,total,1.762582474382193,1.762582474382193,0.9191002535158476,0.2959627774498932
crop_carbon_below_sp10,total,0.7426465945291905,0.7426465945291905,0.4473521928408825,0.1436742431380476
crop_intercept_sp10,total,0.3794735919640931,0.3919200373011901,0.30563900995934623,0.07789449795470653
crop_nitrogen_above_sp10,total,-0.31982048300013133,0.31982048300013133,0.07109842267677698,0.021345672430876077
crop_nitrogen_below_sp10,total,-0.20100538024453707,0.20100538024453707,0.07033832876425082,0.02094236378468546
crop_proj_left_delta,total,-1.394285040581114,1.4052629346657866,1.1922809526518667,0.3475051279210338
crop_proj_yield_delta,total,3.2746047997649503,4.391234533785463,3.6975252732093637,0.6588962429474963
crop_root_in_top_30,total,1.4693389516319861,1.4903975508878073,0.9886517915021168,0.2949620048025971
crop_root_to_shoot_sp3,total,0.9515780107623865,0.9545693519081955,0.6147561183002253,0.16733174401086656
crop_slope_sp3,total,0.10919363338737513,0.16791516985291305,0.31099933657058787,0.08623323718024761
crop_root_to_shoot_sp10,total,0.613601587404247,0.613601587404247,0.40676756050777924,0.12467967141557515
crop_slope_sp10,total,0.6795345912718529,0.7005815927943877,0.7658055227439022,0.2168803577329685
cy0_to_ceq_multiplier,total,0.025890021199340273,0.21214212805318827,0.8364231191991057,0.2734007932369621
litter_carbon,total,-1.4302286606737376,1.4302286606737376,0.47566508674179203,0.15187535111401262
litter_nitrogen,total,1.1920290746379139,1.1920290746379139,0.13111140256469667,0.03624096086474725
mortality_fraction_branch_delta,total,-0.3739941311606519,0.3741527275038278,0.43069838270124994,0.11955720331443542
mortality_fraction_croot_delta,total,-0.16157140078556334,0.16157140078556334,0.24760547304823877,0.07747001530353295
mortality_fraction_froot_delta,total,-0.06108334605815056,0.06141614535951569,0.11699403831219582,0.03721693202791659
mortality_fraction_leaf_delta,total,-0.10341991093634988,0.10503541020986074,0.18646807683350955,0.05409519493395199
mortality_fraction_stem_delta,total,-0.8899429122768133,0.8899429122768133,1.4245200425892381,0.4385040610415279
pool_alloc_froot_sp1,total,-2.016881769951571,2.027698546332044,3.2490835333755883,1.0665907163694435
pool_alloc_leaf_sp1,total,-4.442825216961616,4.540092188697921,8.377090006952661,2.239034489550281
pool_alloc_stem_sp1,total,10.14861470800847,21.746002420614673,29.759334504826267,6.510538790508973
pool_turnover_branch_sp1,total,11.783481619246299,11.783481619246299,12.614834325687196,3.1832318406634874
pool_turnover_croot_sp1,total,-5.014694920256889,5.014694920256889,6.98058195334199,2.256657234060446
pool_turnover_froot_sp1,total,-1.382457752173109,1.3847023916905958,2.638007729980086,0.8080694865903308
pool_turnover_leaf_sp1,total,-1.445449012882147,1.4959372220236669,1.929887471469061,0.550175068042734
pool_turnover_stem_sp1,total,381.69673130455357,381.69673130455357,492.5677286884385,142.49789204161922
proj_cover,total,-58.87825708684479,58.87825708684479,100.08848929518126,29.931830357859514
proj_fire_off,total,1.666487060203315,1.666487060203315,4.059700114861194,1.2846542604835522
proj_fire_on,total,16.514913168490935,16.514913168490935,10.57247146114034,3.4053744311425103
proj_mortality,total,23.887557580235434,23.887557580235434,45.68894463127908,14.432041536507807
proj_thinning_delta,total,417.8848231053836,417.8848231053836,521.6515705389976,158.9318359892368
roth_c_cover_c,total,0.7117330636693922,1.0427859739744094,1.5090245730711516,0.4133778357878472
roth_c_dpm_frac_crop,total,-1.1579111887255442,1.1579111887255442,0.951958399880881,0.31820319358002563
roth_c_dpm_frac_tree,total,0.7272890987311593,0.7272890987311593,1.1116081349150346,0.3822644222002412
roth_c_moisture_b_slope,total,-6.348057125127905,10.778478032767813,26.478364335628356,7.452905520669181
roth_c_temp_a1,total,13.42366599894064,13.586008812637738,16.400832378929124,4.452132955991062
roth_c_temp_a2,total,-21.99302839907969,22.271919790739663,22.553086437796235,6.883204209754341
thinning_fraction_branch_delta,total,-0.23418781787081305,0.2349856986345281,0.23812417834761893,0.06795535413660751
thinning_fraction_croot_delta,total,-0.11271106342838426,0.11271106342838426,0.12570380580988352,0.042858950047261465
thinning_fraction_froot_delta,total,-0.03557535054581369,0.03705666586198444,0.06456898633292384,0.01809990166424028
thinning_fraction_leaf_delta,total,-0.028678368244596842,0.0364825082606353,0.04491440901574008,0.010751558073700769
thinning_fraction_stem_delta,total,-0.5454946483654306,0.5460974717942111,0.939673168627351,0.3090927237329621
tree_carbon_sp1,total,-35.12523619265792,35.12523619265792,67.42919354861957,20.630785599416996
tree_nitrogen_branch_sp1,total,0.06539417027551778,0.06539417027551778,0.030500840960434303,0.008396418372900769
tree_nitrogen_croot_sp1,total,0.05071773004924971,0.05071773004924971,0.08270571456357763,0.024284566847924596
tree_nitrogen_froot_sp1,total,1.2807190989340376,1.2807190989340376,1.1472733772086825,0.36330142060540876
tree_nitrogen_leaf_sp1,total,2.0816047018918513,2.0816047018918513,2.2203587454010445,0.6550362792316753
tree_nitrogen_stem_sp1,total,0.16096945305841642,0.16096945305841642,0.06714769112100598,0.022453823777985656
tree_root_in_top_30,total,-4.463880330968776,4.468484521965571,7.151681138874404,2.1811418157411504
tree_root_to_shoot_sp1,total,-4.325793445461275,4.325793445461275,8.478603584181956,2.4523053178641603
